1044 4.0607452392578125
1044 0.9973049163818359
1019 0.0
959 0.0
959 0.0
946 1.0023117065429688
937 0.0
931 0.0
931 0.0
929 0.0
929 0.0
899 0.0
899 0.9999275207519531
890 0.0
890 0.0
863 0.0
863 0.0
863 0.0
863 0.0
843 0.9970664978027344
843 0.0
843 0.0
843 0.0
843 0.0
843 0.0
824 0.99945068359375
824 0.0
813 0.0
751 0.0
745 0.9984970092773438
745 0.0
745 0.0
745 0.0
743 0.0
743 1.0035037994384766
743 0.0
743 0.0
733 0.0
733 1.001119613647461
733 0.0
700 0.0
673 0.0
673 0.0
673 0.0
664 0.0
664 0.9980201721191406
664 0.0
664 0.0
664 0.0
660 0.0
660 0.0
660 1.012563705444336
660 0.0
654 0.0
634 0.0
634 0.0
617 0.9977817535400391
592 0.0
581 0.0
578 0.0
578 0.0
578 0.0
566 0.0
548 0.9906291961669922
548 0.0
548 0.0
548 0.0
548 0.0
548 0.0
548 0.0
548 0.0
548 0.0
548 0.0
548 0.0
541 0.0
533 0.0
533 0.9982585906982422
527 0.0
514 0.0
514 0.0
512 0.0
512 0.0
512 0.0
512 0.0
512 0.9996891021728516
512 0.0
512 0.0
512 0.0
511 0.0
510 0.0
507 0.0
506 1.0008811950683594
506 0.0
506 0.0
506 0.0
506 0.0
506 0.0
506 0.0
506 0.0
497 0.0
497 0.0
497 0.0
497 0.0
497 1.001119613647461
497 0.0
497 0.0
497 0.0
497 0.0
486 0.0
486 0.0
486 0.99945068359375
486 0.0
486 0.0
486 0.0
486 0.0
486 0.0
486 0.0
486 0.0
486 0.0
486 0.0
486 0.0
486 1.0030269622802734
486 0.0
486 0.0
486 0.0
482 0.0
482 0.0
482 0.0
482 0.0
477 0.0
452 0.0
452 0.0
451 0.0
451 0.0
451 0.9980201721191406
451 0.0
451 0.0
451 0.0
441 0.0
436 0.0
436 0.0
430 0.9996891021728516
430 0.0
430 0.0
430 0.0
430 0.0
428 0.0
428 0.0
424 0.9996891021728516
423 0.0
403 0.0
403 0.0
403 0.0
403 0.0
403 0.0
390 0.9999275207519531
390 0.0
389 0.0
389 0.0
388 0.0
388 0.0
388 1.003265380859375
388 0.0
388 0.0
388 0.0
388 0.0
386 0.0
386 0.0
386 0.0
386 0.0
385 0.0
384 0.0
384 1.0285377502441406
384 0.0
384 0.0
384 0.0
384 0.0
384 0.9953975677490234
384 0.0
384 0.0
384 0.0
382 0.0
382 0.0
382 0.0
379 0.0
379 0.0
379 0.0
379 0.9787082672119141
379 0.0
373 0.0
373 0.0
370 0.0
370 0.0
370 0.0
370 0.0
368 0.0
368 0.0
368 0.0
368 0.9975433349609375
368 0.0
362 0.0
362 0.0
357 0.0
357 0.0
357 0.0
357 0.0
357 0.0
357 0.0
357 0.0
357 0.0
357 0.9980201721191406
357 0.0
357 0.0
357 0.0
357 0.0
357 0.0
357 0.0
357 0.0
357 0.0
354 0.0
354 0.0
354 0.0
354 0.0
354 1.0004043579101562
354 0.0
354 0.0
354 0.0
351 0.0
351 0.0
351 0.0
351 0.9992122650146484
351 0.0
349 0.0
349 0.0
349 0.0
349 1.0008811950683594
349 0.0
349 0.0
349 0.0
349 0.0
349 1.0259151458740234
349 0.0
349 0.0
349 0.0
341 0.0
341 0.0
341 0.0
329 0.9744167327880859
317 0.0
317 0.0
317 0.0
317 0.0
317 0.0
317 1.0058879852294922
317 0.0
317 0.0
304 0.0
304 0.0
304 0.0
304 0.0
304 0.0
304 0.0
304 0.0
304 0.0
302 0.0
302 1.007080078125
302 0.0
294 0.0
294 0.0
294 0.0
294 0.0
294 0.0
292 0.0
292 0.0
292 1.0094642639160156
292 0.0
289 0.0
289 0.0
289 0.0
289 0.0
289 0.0
289 0.0
289 0.0
289 0.0
289 0.0
283 0.0
277 0.0
277 0.0
277 0.0
277 0.0
275 0.9982585906982422
275 0.0
275 0.0
275 0.0
275 0.0
275 0.0
275 0.0
272 0.0
272 0.0
272 0.0
272 0.0
272 0.0
265 1.0073184967041016
265 0.0
265 0.0
265 0.0
263 0.0
263 0.0
263 0.0
263 0.9913444519042969
263 0.0
263 0.0
262 0.0
253 0.0
253 0.0
247 0.0
247 0.9975433349609375
242 0.0
242 0.0
242 0.0
242 0.0
241 0.0
241 0.0
241 0.0
241 0.0
241 0.0
241 0.0
241 0.0
241 0.0
241 0.9918212890625
241 0.0
241 0.0
241 0.0
241 0.0
241 0.0
241 0.0
241 1.0001659393310547
241 0.0
241 0.0
241 0.0
241 0.0
241 0.0
241 0.0
241 1.0001659393310547
241 0.0
241 0.0
241 0.0
241 0.0
241 0.0
241 0.0
241 0.0
241 0.0
241 0.0
241 0.0
240 0.0
240 1.0001659393310547
240 0.0
240 0.0
240 0.0
240 0.0
240 0.0
240 0.0
240 0.0
236 0.9984970092773438
236 0.0
236 0.0
236 0.0
236 0.0
236 0.0
236 1.007080078125
236 0.0
235 0.0
235 0.0
235 0.0
235 0.9992122650146484
235 0.0
235 0.0
235 0.0
235 0.0
235 0.0
233 0.0
233 0.0
233 0.0
233 1.0540485382080078
233 0.0
233 0.0
233 0.0
233 0.0
233 0.0
233 0.0
233 0.0
233 0.0
233 0.0
233 0.9732246398925781
233 0.0
233 0.0
233 0.0
233 0.0
233 0.0
233 0.0
233 0.0
227 0.0
227 0.0
222 0.9894371032714844
222 0.0
222 0.0
222 0.0
218 0.0
218 0.0
218 0.0
216 0.0
216 0.0
213 0.0
213 0.0
213 0.9810924530029297
213 0.0
213 0.0
213 0.0
213 0.0
213 0.9973049163818359
213 0.0
213 0.0
213 0.0
213 0.0
213 0.0
213 0.0
213 0.0
213 0.0
213 0.0
206 0.0
206 0.9999275207519531
199 0.0
199 0.0
199 0.0
199 0.0
199 0.0
199 0.0
199 0.0
199 0.0
197 0.0
196 0.0
196 0.0
196 0.0
196 0.0
196 0.99945068359375
196 0.0
196 0.0
196 0.0
196 0.0
196 0.0
196 0.0
196 0.0
196 0.0
194 0.0
194 0.0
194 0.0
194 0.9984970092773438
194 0.0
194 0.0
194 0.0
194 0.0
194 0.0
194 0.0
194 0.0
194 0.0
194 0.0
194 0.0
194 0.0
194 1.0020732879638672
194 0.0
194 0.0
194 0.0
194 0.0
194 0.0
194 0.0
194 0.0
194 0.0
194 0.0
194 0.0
194 0.0
194 0.0
194 0.99945068359375
194 0.0
194 0.0
194 0.0
194 0.0
194 0.0
194 0.0
194 0.0
192 0.0
192 0.0
192 0.0
192 0.0
192 0.0
192 0.9987354278564453
192 0.0
192 0.0
192 0.0
192 0.0
192 0.0
192 0.0
192 0.0
192 0.0
192 0.0
192 0.0
192 0.0
192 0.0
192 0.0
192 0.9996891021728516
192 0.0
192 0.0
191 0.0
191 0.0
191 0.0
191 0.0
191 0.0
191 0.0
191 0.0
191 0.0
191 0.0
191 0.0
191 0.9999275207519531
191 0.0
191 0.0
191 0.0
191 0.0
191 0.0
191 0.0
191 0.0
182 0.0
182 0.0
182 0.0
182 0.0
182 1.0001659393310547
182 0.0
182 0.0
182 0.0
182 0.0
182 0.0
182 0.0
181 0.0
181 0.0
181 0.0
181 0.0
181 0.0
181 1.0042190551757812
181 0.0
181 0.0
181 0.0
181 0.0
181 0.0
181 0.0
181 0.0
173 0.0
173 0.0
173 0.0
173 0.0
173 0.0
173 0.0
173 0.0
173 0.0
173 0.0
173 0.0
173 0.0
173 0.0
173 0.0
173 0.9903907775878906
173 0.0
173 0.0
173 0.0
173 0.0
173 0.0
173 0.0
173 0.0
173 0.0
173 0.0
173 1.0159015655517578
173 0.0
172 0.0
171 0.0
171 0.0
171 0.0
171 0.0
171 0.0
171 0.0
171 0.0
171 0.9853839874267578
171 0.0
171 0.0
171 0.0
171 0.0
171 0.0
171 0.0
171 0.0
171 0.0
171 0.995635986328125
171 0.0
171 0.0
171 0.0
170 0.0
170 0.0
170 0.0
170 0.0
170 0.0
170 0.0
170 0.0
170 0.0
170 0.0
170 0.0
167 0.9982585906982422
165 0.0
165 0.0
165 0.0
165 0.0
165 0.0
165 0.0
165 0.0
163 0.0
163 0.0
163 0.0
163 0.0
163 0.0
163 0.9989738464355469
163 0.0
163 0.0
163 0.0
161 0.0
161 0.0
161 0.0
161 0.0
161 0.0
161 0.0
161 0.0
161 0.0
161 0.0
161 0.0
161 0.9999275207519531
143 0.0
143 0.0
143 0.0
143 0.0
143 0.0
143 0.0
143 0.0
143 0.0
143 0.0
142 0.0
142 0.0
141 0.0
141 1.0001659393310547
141 0.0
141 0.0
141 0.0
141 0.0
141 0.0
141 0.0
141 0.0
141 0.0
141 0.0
141 0.0
141 0.0
141 0.0
141 0.9999275207519531
141 0.0
141 0.0
141 0.0
141 0.0
141 0.0
141 0.0
141 0.0
141 0.0
141 0.0
139 0.0
139 0.0
139 1.0018348693847656
139 0.0
139 0.0
139 0.0
139 0.0
136 0.0
136 0.0
136 0.0
136 0.0
136 0.0
130 0.0
130 0.0
130 0.9982585906982422
130 0.0
130 0.0
130 0.0
130 0.0
130 0.0
130 0.0
130 0.0
130 0.0
130 0.0
130 0.0
130 0.0
130 0.0
130 0.9996891021728516
130 0.0
130 0.0
130 0.0
130 0.0
130 0.0
130 0.0
130 0.0
130 0.0
130 0.0
130 0.0
130 0.0
130 0.0
130 0.0
130 0.9999275207519531
130 0.0
130 0.0
130 0.0
130 0.0
130 0.0
130 0.0
130 0.0
128 0.0
128 0.0
128 0.0
128 0.0
128 0.0
128 1.0001659393310547
128 0.0
128 0.0
128 0.0
128 0.0
128 0.0
128 0.0
128 0.0
128 0.0
128 0.0
128 0.0
128 0.0
128 0.0
128 0.0
128 1.0001659393310547
128 0.0
128 0.0
128 0.0
128 0.0
128 0.0
128 0.0
128 0.0
128 0.0
128 0.0
128 0.0
128 1.0025501251220703
128 0.0
128 0.0
127 0.0
127 0.0
127 0.0
127 0.0
127 0.0
127 0.0
127 0.0
127 0.0
127 0.0
127 1.0118484497070312
127 0.0
127 0.0
127 0.0
127 0.0
127 0.0
127 0.0
127 0.0
127 0.0
127 0.0
127 0.0
127 0.0
127 0.9863376617431641
127 0.0
127 0.0
127 0.0
127 0.0
127 0.0
127 0.0
127 0.0
127 0.0
127 0.0
127 0.0
127 0.0
127 0.0
127 0.99945068359375
127 0.0
127 0.0
127 0.0
127 0.0
127 0.0
127 0.0
127 0.0
127 0.0
127 0.0
127 0.0
127 0.0
127 1.0004043579101562
127 0.0
127 0.0
127 0.0
127 0.0
127 0.0
127 0.0
127 0.0
126 0.0
126 0.0
126 0.0
126 0.0
126 0.0
126 0.99945068359375
126 0.0
126 0.0
126 0.0
126 0.0
126 0.0
126 0.0
126 0.0
126 0.0
126 0.0
126 0.0
126 0.0
126 0.0
126 0.9999275207519531
126 0.0
126 0.0
126 0.0
126 0.0
126 0.0
126 0.0
126 0.0
126 0.0
126 0.0
126 0.0
126 0.0
126 0.0
126 0.9996891021728516
126 0.0
125 0.0
125 0.0
123 0.0
123 0.0
123 0.0
123 0.0
123 0.0
123 0.0
123 0.0
123 0.0
123 0.0
123 1.0001659393310547
121 0.0
121 0.0
121 0.0
121 0.0
121 0.0
121 0.0
121 0.0
121 0.0
121 0.0
121 0.0
121 0.0
121 0.0
121 0.0
121 0.9999275207519531
121 0.0
121 0.0
121 0.0
121 0.0
121 0.0
121 0.0
121 0.0
121 0.0
119 0.0
119 0.0
119 0.0
119 0.9999275207519531
118 0.0
118 0.0
117 0.0
117 0.0
117 0.0
117 0.0
117 0.0
117 0.0
117 0.0
117 0.0
117 0.0
117 0.0
117 0.0
117 1.0018348693847656
117 0.0
117 0.0
117 0.0
117 0.0
117 0.0
117 0.0
117 0.0
117 0.0
117 0.0
117 0.0
117 0.0
117 0.0
117 0.0
117 0.0
117 0.0
117 0.0
117 0.0
117 0.0
117 0.0
117 0.0
117 0.0
117 0.0
116 0.0
116 0.0
116 0.0
116 0.9999275207519531
116 0.0
116 0.0
116 0.0
116 0.0
116 0.0
116 0.0
116 0.0
116 0.0
116 0.0
116 0.0
116 0.0
116 0.0
116 0.9999275207519531
116 0.0
116 0.0
116 0.0
116 0.0
116 0.0
116 0.0
116 0.0
116 0.0
116 0.0
116 0.0
116 0.0
116 0.0
116 0.9999275207519531
116 0.0
116 0.0
116 0.0
116 0.0
116 0.0
114 0.0
114 0.0
114 0.0
114 0.0
114 0.0
114 0.0
114 0.0
114 1.0004043579101562
113 0.0
113 0.0
113 0.0
113 0.0
113 0.0
113 0.0
113 1.0013580322265625
113 0.0
113 0.0
113 0.0
113 0.0
113 0.0
113 0.0
113 0.0
113 0.0
113 0.0
113 0.0
113 0.0
113 0.9984970092773438
113 0.0
113 0.0
113 0.0
113 0.0
113 0.0
113 0.0
113 0.0
113 0.0
113 0.0
113 0.0
113 0.0
113 0.0
113 0.0
113 0.9999275207519531
113 0.0
113 0.0
113 0.0
113 0.0
113 0.0
113 0.0
113 0.0
113 1.0006427764892578
113 0.0
113 0.0
