1193154 265150.75755119324
1193142 182.48295783996582
1193121 164.0026569366455
1193077 159.99984741210938
1193075 164.99876976013184
1193070 187.00075149536133
1193062 184.0035915374756
1193039 181.01119995117188
1193039 164.0033721923828
1193036 175.99844932556152
1193036 172.00016975402832
1193006 164.0005111694336
1193006 160.99977493286133
1193000 130.01060485839844
1192998 151.03697776794434
1192970 145.96295356750488
1192969 149.99818801879883
1192969 156.00180625915527
1192969 155.5655002593994
1192959 152.00400352478027
1192959 147.03798294067383
1192921 147.05467224121094
1192921 144.99354362487793
1192921 144.0103054046631
1192921 144.99807357788086
1192842 144.99735832214355
1192808 143.0039405822754
1192808 144.99521255493164
1192802 143.65911483764648
1192802 141.9990062713623
1192797 140.0008201599121
1192797 140.99884033203125
1192786 140.00415802001953
1192784 142.1353816986084
1192765 141.02959632873535
1192765 142.00377464294434
1192747 142.60029792785645
1192725 143.99981498718262
1192725 142.0004367828369
1192718 143.05543899536133
1192687 141.9990062713623
1192658 141.00098609924316
1192637 141.9980525970459
1192582 142.9893970489502
1192582 140.0008201599121
1192543 142.0001983642578
1192537 141.05582237243652
1192497 141.007661819458
1192490 142.04716682434082
1192490 142.99893379211426
1192473 141.04151725769043
1192473 140.00320434570312
1192473 139.00494575500488
1192453 142.04788208007812
1192442 142.00139045715332
1192442 141.99280738830566
1192442 142.05670356750488
1192442 140.99621772766113
1192442 145.01094818115234
1192442 140.99764823913574
1192382 142.04955101013184
1192382 141.00074768066406
1192382 141.05749130249023
1192364 142.05145835876465
1192364 138.99803161621094
1192358 143.00870895385742
1192314 140.9921646118164
1192314 142.00830459594727
1192262 139.9991512298584
1192262 140.05422592163086
1192237 140.00344276428223
1192237 139.9984359741211
1192228 141.0229206085205
1192228 142.9755687713623
1192215 141.00050926208496
1192215 130.00798225402832
1192188 141.00074768066406
1192188 144.99163627624512
1192188 141.0512924194336
1192188 142.04144477844238
1192181 141.9992446899414
1192181 143.0518627166748
1192167 140.99884033203125
1192162 141.0524845123291
1192162 141.9997215270996
1192147 141.0524845123291
1192116 142.00091361999512
1192116 142.0001983642578
1192116 154.96039390563965
1192107 161.0414981842041
1192107 164.95800018310547
1192102 166.0017967224121
1192080 172.00493812561035
1192080 267.99917221069336
1192021 205.99913597106934
1192021 141.04104042053223
1192021 186.95497512817383
1192003 199.0203857421875
1191987 181.99801445007324
1191986 172.03092575073242
1191986 175.96888542175293
1191980 159.99674797058105
1191930 164.04294967651367
1191907 181.992769241333
1191880 171.9651222229004
1191871 163.0387306213379
1191842 171.96059226989746
1191839 166.0003662109375
1191839 164.00408744812012
1191839 167.03557968139648
1191814 160.00056266784668
1191810 163.53392601013184
1191806 170.96281051635742
1191798 167.08016395568848
1191791 153.00297737121582
1191791 158.99658203125
1191791 159.9586009979248
1191791 177.03008651733398
1191785 202.96955108642578
1191785 343.0027961730957
1191785 552.9980659484863
1191773 332.99708366394043
1191773 313.03954124450684
1191755 215.96336364746094
1191736 195.04141807556152
1191736 177.19340324401855
1191700 168.9772605895996
1191700 170.99857330322266
1191700 177.96039581298828
1191700 173.00128936767578
1191642 165.9994125366211
1191624 184.04340744018555
1191624 158.96344184875488
1191624 161.99493408203125
1191624 155.99679946899414
1191624 156.00037574768066
1191624 155.0004482269287
1191623 211.00378036499023
1191623 180.03559112548828
1191563 180.96280097961426
1191563 170.03417015075684
1191563 163.98072242736816
1191563 157.98306465148926
1191545 167.00220108032227
1191545 273.2524871826172
1191532 506.74962997436523
1191503 318.0503845214844
1191477 235.947847366333
1191463 210.00432968139648
1191395 224.0135669708252
1191395 188.99989128112793
1191375 166.99576377868652
1191375 177.0036220550537
1191369 173.00128936767578
1191369 162.0492935180664
1191369 172.06454277038574
1191369 162.99986839294434
1191362 160.03942489624023
1191342 159.05523300170898
1191340 150.0566005706787
1191306 159.99603271484375
1191299 151.0024070739746
1191299 173.96044731140137
1191297 178.99799346923828
1191297 146.00062370300293
1191211 164.04247283935547
1191135 174.99256134033203
1191115 166.9628620147705
1191055 200.042724609375
1191046 223.95849227905273
1190973 202.00133323669434
1190973 193.00103187561035
1190964 192.0008659362793
1190964 180.99474906921387
1190956 162.04357147216797
1190956 167.999267578125
1190944 154.1590690612793
1190934 157.00078010559082
1190934 151.05438232421875
1190892 147.0022201538086
1190874 150.05159378051758
1190874 148.00453186035156
1190868 155.97057342529297
1190868 174.01456832885742
1190822 221.99654579162598
1190801 181.03933334350586
1190801 167.05965995788574
1190801 191.96152687072754
1190801 263.00048828125
1190787 302.0014762878418
1190787 251.997709274292
1190787 239.99881744384766
1190733 215.00349044799805
1190703 278.99813652038574
1190703 211.00211143493652
1190703 213.99903297424316
1190684 193.0522918701172
1190684 170.00412940979004
1190684 151.36146545410156
1190627 176.0108470916748
1190624 180.99427223205566
1190624 192.99769401550293
1190602 176.52177810668945
1190590 227.99921035766602
1190590 177.99949645996094
1190573 184.04102325439453
1190573 206.95900917053223
1190563 201.00021362304688
1190563 193.040132522583
1190551 196.98143005371094
1190528 187.99614906311035
1190528 181.99920654296875
1190528 190.00720977783203
1190528 182.9965114593506
1190508 190.01317024230957
1190485 166.99886322021484
1190466 168.0011749267578
1190466 128.9982795715332
1190436 158.01286697387695
1190436 153.99956703186035
1190434 153.0001163482666
1190396 153.99980545043945
1190396 150.9993076324463
1190396 152.00066566467285
1190366 151.01194381713867
1190322 151.01218223571777
1190322 145.00045776367188
1190312 151.01170539855957
1190304 150.9988307952881
1190304 150.01201629638672
1190304 150.9995460510254
1190304 155.01117706298828
1190304 150.00009536743164
1190290 142.99821853637695
1190290 147.99904823303223
1190290 138.0002498626709
1190228 140.0010585784912
1190226 146.99888229370117
1190226 140.0012969970703
1190226 141.9992446899414
1190226 139.9998664855957
1190223 141.9997215270996
1190222 153.0003547668457
1190222 143.99981498718262
1190217 141.00027084350586
1190167 147.0026969909668
1190163 153.01179885864258
1190124 114.00008201599121
1190083 156.01181983947754
1190053 149.04236793518066
1190048 143.95475387573242
1189977 141.9997215270996
1189961 141.00027084350586
1189961 141.00003242492676
1189961 154.00028228759766
1189900 143.99981498718262
1189826 144.00243759155273
1189802 142.99678802490234
1189787 149.0027904510498
1189735 145.9975242614746
1189735 145.03884315490723
1189720 143.0039405822754
1189720 140.04898071289062
1189718 141.0081386566162
1189713 149.96623992919922
1189705 152.00018882751465
1189657 149.99961853027344
1189648 152.01210975646973
1189616 149.99985694885254
1189616 153.0003547668457
1189616 151.0004997253418
1189589 151.99995040893555
1189589 151.99804306030273
1189583 140.99931716918945
1189583 139.00017738342285
1189583 137.9995346069336
1189532 138.0002498626709
1189508 137.9995346069336
1189508 141.00027084350586
1189507 142.99988746643066
1189507 140.000581741333
1189487 140.99955558776855
1189474 139.00041580200195
1189474 142.99988746643066
1189473 141.00003242492676
1189473 140.99979400634766
1189448 141.00003242492676
1189427 142.50898361206055
1189401 144.00076866149902
1189396 152.00233459472656
1189380 152.01187133789062
1189368 150.9997844696045
1189368 153.0003547668457
1189368 153.0001163482666
1189331 152.00042724609375
1189331 150.00152587890625
1189323 150.99787712097168
1189323 148.9999294281006
1189300 148.00119400024414
1189300 144.99616622924805
1189300 142.00091361999512
1189292 142.99964904785156
1189292 140.99979400634766
1189280 141.9999599456787
1189280 141.9999599456787
1189277 140.0010585784912
1189277 140.99884033203125
1189244 150.00295639038086
1189244 151.01337432861328
1189244 148.99754524230957
1189202 147.00031280517578
1189184 153.0005931854248
1189184 147.06802368164062
1189163 150.0537395477295
1189105 155.9741497039795
1189105 155.01093864440918
1189016 164.04294967651367
1188985 180.01675605773926
1188925 184.9825382232666
1188925 166.95928573608398
1188925 170.03655433654785
1188920 180.12237548828125
1188899 191.95985794067383
1188888 177.01315879821777
1188876 181.99753761291504
1188876 180.00173568725586
1188868 156.0964584350586
1188868 154.9997329711914
1188868 150.00152587890625
1188868 147.0015048980713
1188849 146.99792861938477
1188849 144.32621002197266
1188827 145.56050300598145
1188772 144.09303665161133
1188756 144.00076866149902
1188731 142.99821853637695
1188731 142.05694198608398
1188731 141.01362228393555
1188726 143.98789405822754
1188726 144.99974250793457
1188699 141.99447631835938
1188699 142.00949668884277
1188699 141.99519157409668
1188699 143.99957656860352
1188699 139.96219635009766
1188659 143.19968223571777
1188603 141.00384712219238
1188591 141.04962348937988
1188591 141.00337028503418
1188591 140.00272750854492
1188591 149.04069900512695
1188552 145.0057029724121
1188546 159.96551513671875
1188546 116.99604988098145
1188546 206.01868629455566
1188533 195.04165649414062
1188502 197.0531940460205
1188462 205.97314834594727
1188444 192.01350212097168
1188423 187.99781799316406
1188423 165.9994125366211
1188423 168.99919509887695
1188400 158.00094604492188
1188400 161.20266914367676
1188376 143.0032253265381
1188335 154.6950340270996
1188335 150.15745162963867
1188335 150.00152587890625
1188305 148.99682998657227
1188305 149.00588989257812
1188305 149.9924659729004
1188305 151.00383758544922
1188239 150.99668502807617
1188239 151.97348594665527
1188239 118.9889907836914
1188239 145.17498016357422
1188239 147.99857139587402
1188230 159.959077835083
1188230 151.02052688598633
1188230 150.04205703735352
1188230 152.0061492919922
1188230 147.9952335357666
1188204 149.99794960021973
1188204 148.99325370788574
1188204 151.0293483734131
1188179 151.95822715759277
1188149 150.00009536743164
1188129 146.99935913085938
1188079 145.04241943359375
1188079 135.02883911132812
1188046 174.49283599853516
1188021 187.9575252532959
1187983 181.04219436645508
1187963 183.99882316589355
1187963 161.00072860717773
1187963 155.99608421325684
1187949 161.95940971374512
1187911 154.9997329711914
1187911 173.0039119720459
1187911 178.03692817687988
1187895 168.9600944519043
1187894 158.9987277984619
1187887 157.00054168701172
1187887 162.0032787322998
1187887 170.55726051330566
1187871 155.00521659851074
1187836 149.0001678466797
1187827 168.99967193603516
1187827 151.99995040893555
1187824 147.00031280517578
1187817 145.99990844726562
1187788 144.00005340576172
1187776 142.99964904785156
1187776 141.9992446899414
1187736 142.0004367828369
1187730 92.00024604797363
1187730 140.99979400634766
1187730 141.00027084350586
1187715 143.00155639648438
1187712 142.03667640686035
1187712 142.00115203857422
1187712 143.00084114074707
1187712 142.00162887573242
1187712 142.05145835876465
1187700 140.99931716918945
1187700 143.96214485168457
1187684 162.001371383667
1187664 156.9969654083252
1187664 151.0021686553955
1187664 189.99981880187988
1187658 162.99748420715332
1187652 152.9998779296875
1187652 121.99974060058594
1187618 148.9999294281006
1187618 154.00123596191406
1187618 166.04089736938477
1187618 154.95920181274414
1187594 151.04079246520996
1187582 149.05071258544922
1187542 148.0541229248047
1187532 161.96322441101074
1187523 173.0363368988037
1187523 151.0002613067627
1187523 149.0006446838379
1187439 133.06069374084473
1187439 145.9958553314209
1187439 144.00076866149902
1187419 145.00188827514648
1187419 143.04733276367188
1187349 143.9957618713379
1187349 141.0214900970459
1187335 140.089750289917
1187335 142.05503463745117
1187335 142.00067520141602
1187311 142.00115203857422
1187311 130.01394271850586
1187300 142.03929901123047
1187293 141.05224609375
1187233 141.29233360290527
1187233 141.00122451782227
1187205 141.00122451782227
1187186 140.96999168395996
1187186 139.00041580200195
1187186 139.04833793640137
1187163 142.95148849487305
1187163 142.01974868774414
1187148 140.99979400634766
1187104 142.02117919921875
1187104 149.0011215209961
1187010 150.00033378601074
1187001 152.00042724609375
1187001 151.5188217163086
1187001 153.01156044006348
1187001 153.01132202148438
1186973 150.9995460510254
1186973 151.0000228881836
1186973 149.01065826416016
1186964 150.9995460510254
1186956 151.01075172424316
1186956 151.0000228881836
1186956 157.00054168701172
1186925 151.12924575805664
1186925 152.9989242553711
1186906 158.00166130065918
1186829 160.99929809570312
1186829 172.01519012451172
1186829 160.01009941101074
1186829 152.99701690673828
1186818 150.0418186187744
1186805 151.99923515319824
1186770 165.0075912475586
1186770 155.00211715698242
1186761 156.9979190826416
1186746 150.00033378601074
1186746 149.99985694885254
1186746 147.99952507019043
1186746 145.00045776367188
1186712 147.00007438659668
1186712 150.00104904174805
1186657 192.00491905212402
1186657 166.99767112731934
1186657 164.0002727508545
1186657 157.00030326843262
1186656 178.04479598999023
1186622 157.0451259613037
1186622 158.02264213562012
1186622 158.9980125427246
1186622 167.0386791229248
1186589 157.99522399902344
1186575 151.01146697998047
1186575 153.9936065673828
1186575 168.05315017700195
1186569 155.0004482269287
1186568 164.57056999206543
1186559 146.0413932800293
1186527 154.9994945526123
1186503 160.9961986541748
1186503 166.9611930847168
1186503 161.00192070007324
1186495 167.0372486114502
1186495 166.0599708557129
1186491 182.03210830688477
1186476 166.00298881530762
1186476 158.6613655090332
1186476 174.96657371520996
1186430 187.99185752868652
1186430 162.0008945465088
1186380 158.00094604492188
1186343 177.99925804138184
1186343 167.00196266174316
1186343 174.00217056274414
1186343 165.03596305847168
1186331 167.7713394165039
1186331 165.04168510437012
1186331 161.96012496948242
1186308 157.03654289245605
1186308 157.00173377990723
1186281 165.99369049072266
1186281 180.96923828125
1186273 168.03669929504395
1186229 157.0727825164795
1186162 304.9633502960205
1186162 381.0005187988281
1186140 262.0396614074707
1186140 287.9929542541504
1186140 295.96471786499023
1186140 231.00018501281738
1186138 217.0414924621582
1186049 211.9591236114502
1186049 209.00249481201172
1186049 197.9963779449463
1186049 179.99982833862305
1185996 176.00011825561523
1185996 168.03669929504395
1185996 166.00584983825684
1185989 171.00095748901367
1185989 167.00077056884766
1185989 157.99689292907715
1185989 157.00149536132812
1185989 166.9597625732422
1185989 160.59184074401855
1185989 159.00039672851562
1185957 163.99812698364258
1185957 192.0003890991211
1185957 183.00509452819824
1185917 183.03751945495605
1185917 175.01068115234375
1185873 240.00167846679688
1185865 314.99767303466797
1185856 239.06183242797852
1185807 241.93835258483887
1185754 285.003662109375
1185747 220.99637985229492
1185686 220.03984451293945
1185655 209.96451377868652
1185592 202.99363136291504
1185592 202.00157165527344
1185582 191.0378932952881
1185563 177.0031452178955
1185563 208.96053314208984
1185563 259.0000629425049
1185560 243.00265312194824
1185539 235.99934577941895
1185539 219.04420852661133
1185506 195.99628448486328
1185506 193.95804405212402
1185506 191.52212142944336
1185473 174.99804496765137
1185473 194.04125213623047
1185464 173.0184555053711
1185455 164.03651237487793
1185449 163.96355628967285
1185449 177.99639701843262
1185431 237.00475692749023
1185409 172.99509048461914
1185390 213.0115032196045
1185390 234.99727249145508
1185386 227.9982566833496
1185386 222.0015525817871
1185380 198.99916648864746
1185380 192.99912452697754
1185380 207.99708366394043
1185380 183.99953842163086
1185357 178.00164222717285
1185302 163.0418300628662
1185273 164.0167236328125
1185273 185.03475189208984
1185271 219.9685573577881
1185245 197.9999542236328
1185237 179.99625205993652
1185237 174.00550842285156
1185237 231.99987411499023
1185237 284.00731086730957
1185237 233.98852348327637
1185237 214.03980255126953
1185237 183.00294876098633
1185179 196.95711135864258
1185142 296.9999313354492
1185131 261.0001564025879
1185127 352.5276184082031
1185124 629.9972534179688
1185124 654.0024280548096
1185117 509.03964042663574
1185096 320.9559917449951
1185096 305.9980869293213
1185096 235.2292537689209
1185096 247.7731704711914
1185023 215.62933921813965
1185011 184.87787246704102
1185011 181.04195594787598
1185011 170.99833488464355
1184956 161.2870693206787
1184956 173.76017570495605
1184956 160.99953651428223
1184942 174.96871948242188
1184942 176.99432373046875
1184942 163.9995574951172
1184937 166.01133346557617
1184935 162.03999519348145
1184935 170.00269889831543
1184935 156.0533046722412
1184903 159.96241569519043
1184889 159.03902053833008
1184889 158.99920463562012
1184881 163.96164894104004
1184881 186.00034713745117
1184874 167.0382022857666
1184860 164.95823860168457
1184860 165.0402545928955
1184860 163.00129890441895
1184818 183.96449089050293
1184818 202.99863815307617
1184818 236.99665069580078
1184813 228.99913787841797
1184813 320.0087547302246
1184813 476.9918918609619
1184813 227.00262069702148
1184757 234.00378227233887
1184698 237.04004287719727
1184673 185.95337867736816
1184673 173.00057411193848
1184636 163.9995574951172
1184604 165.00020027160645
1184604 161.00001335144043
1184596 156.04519844055176
1184566 152.00209617614746
1184554 148.99849891662598
1184522 147.00078964233398
1184514 150.007963180542
1184514 149.96647834777832
1184503 150.99692344665527
1184448 147.0012664794922
1184448 146.1019515991211
1184448 146.99745178222656
1184448 144.06132698059082
1184448 145.99323272705078
1184448 148.9584445953369
1184431 156.00252151489258
1184419 158.00046920776367
1184406 162.0011329650879
1184381 171.99945449829102
1184381 168.0452823638916
1184366 135.96343994140625
1184359 161.0848903656006
1184349 151.95822715759277
1184349 160.0019931793213
1184337 153.0468463897705
1184331 147.96137809753418
1184331 165.03524780273438
1184290 158.0028533935547
1184290 159.99937057495117
1184274 160.9971523284912
1184274 151.963472366333
1184260 152.9996395111084
1184260 162.0028018951416
1184225 164.0005111694336
1184221 162.0006561279297
1184194 156.02946281433105
1184145 152.02021598815918
1184107 151.03745460510254
1184107 146.06523513793945
1184102 201.46870613098145
1184082 162.04071044921875
1184082 159.99913215637207
1184077 161.99612617492676
1184077 176.00417137145996
1184077 160.99977493286133
1184077 156.9998264312744
1184077 156.95786476135254
1184077 160.04300117492676
1184029 153.99813652038574
1184000 183.9592456817627
1183991 333.00209045410156
1183953 373.99792671203613
1183953 293.0006980895996
1183953 292.00243949890137
1183953 239.00175094604492
1183939 204.99897003173828
1183933 194.03886795043945
1183912 184.96298789978027
1183886 180.9988021850586
1183886 184.9997043609619
1183886 182.9993724822998
1183886 183.03704261779785
1183886 178.96080017089844
1183886 173.9978790283203
1183886 175.0040054321289
1183886 173.99978637695312
1183848 173.00009727478027
1183848 179.0008544921875
1183848 165.99512100219727
1183848 156.0227870941162
1183832 157.99999237060547
1183812 155.50994873046875
1183812 164.0021800994873
1183804 166.99838638305664
1183804 178.00474166870117
1183800 175.9970188140869
1183800 172.82915115356445
1183800 166.99862480163574
1183800 143.9986228942871
1183800 150.9988307952881
1183800 157.00006484985352
1183792 159.00015830993652
1183792 158.02693367004395
1183791 161.0419750213623
1183791 161.9558334350586
1183748 156.03876113891602
1183748 160.0019931793213
1183748 164.0009880065918
1183744 163.5270118713379
1183744 151.0026454925537
1183744 149.05571937561035
1183744 159.00659561157227
1183744 155.95388412475586
1183744 158.99896621704102
1183744 162.00637817382812
1183739 177.08706855773926
1183731 154.9232006072998
1183731 151.0007381439209
1183720 156.0356616973877
1183702 175.03643035888672
1183702 156.9995880126953
1183702 170.00412940979004
1183662 170.99928855895996
1183647 164.99924659729004
1183647 162.0008945465088
1183621 165.0376319885254
1183603 150.95782279968262
1183599 150.51746368408203
1183599 150.3598690032959
1183587 149.0004062652588
1183524 172.97673225402832
1183524 204.0388584136963
1183524 171.00167274475098
1183524 173.96235466003418
1183524 164.99686241149902
1183524 174.00193214416504
1183524 165.9989356994629
1183524 169.01421546936035
1183524 158.04004669189453
1183524 156.9972038269043
1183524 157.9596996307373
1183524 158.00237655639648
1183472 166.99981689453125
1183472 159.99960899353027
1183472 157.99999237060547
1183472 162.01186180114746
1183440 156.01181983947754
1183440 169.9991226196289
1183440 188.99893760681152
1183426 182.9984188079834
1183426 249.00555610656738
1183426 347.00536727905273
1183426 215.03281593322754
1183426 190.0014877319336
1183426 183.00271034240723
1183426 165.95745086669922
1183400 163.04707527160645
1183397 159.99984741210938
1183397 155.0009250640869
1183321 151.99875831604004
1183321 149.99961853027344
1183310 157.00387954711914
1183277 169.9981689453125
1183277 215.04807472229004
1183270 175.99081993103027
1183259 175.99916458129883
1183259 166.0017967224121
1183227 115.09943008422852
1183153 160.95280647277832
1183108 154.0510654449463
1183108 152.98986434936523
1183108 148.99969100952148
1183108 147.99809455871582
1183044 148.00047874450684
1183039 153.9602279663086
1183024 173.00128936767578
1183024 199.04398918151855
1183018 168.99633407592773
1183018 163.59949111938477
1183010 127.96211242675781
1182979 166.99552536010742
1182954 167.008638381958
1182954 179.99029159545898
1182916 173.00009727478027
1182916 181.04147911071777
1182904 170.99881172180176
1182904 182.96289443969727
1182904 179.99935150146484
1182904 198.00066947937012
1182904 209.0001106262207
1182904 227.9977798461914
1182902 235.00657081604004
1182891 243.70765686035156
1182880 207.99994468688965
1182880 196.01082801818848
1182880 193.96138191223145
1182879 177.0012378692627
1182840 177.0031452178955
1182840 169.95692253112793
1182818 165.04859924316406
1182818 161.9873046875
1182805 199.00012016296387
1182775 161.02075576782227
1182775 157.10163116455078
1182775 153.99575233459473
1182735 152.0071029663086
1182710 152.05669403076172
1182710 147.98951148986816
1182710 151.963472366333
1182710 152.00209617614746
1182710 176.0385036468506
1182708 151.95870399475098
1182708 152.9996395111084
1182686 146.00133895874023
1182686 148.02026748657227
1182686 152.48799324035645
1182675 133.00180435180664
1182675 172.99723625183105
1182590 155.0002098083496
1182556 154.5112133026123
1182540 151.99947357177734
1182518 157.0420265197754
1182518 152.05740928649902
1182463 148.99969100952148
1182453 146.0108757019043
1182417 144.9906826019287
1182417 147.9971408843994
1182395 145.00188827514648
1182395 143.95952224731445
1182395 152.8172492980957
1182341 153.1381607055664
1182341 228.99413108825684
1182325 222.0005989074707
1182325 184.9992275238037
1182289 173.00772666931152
1182270 181.0286045074463
1182270 181.96392059326172
1182212 169.12364959716797
1182138 165.96579551696777
1182122 165.06290435791016
1182093 162.0039939880371
1182093 154.9978256225586
1182093 151.99923515319824
1182093 153.99718284606934
1182093 163.96808624267578
1182031 180.99164962768555
1182031 167.00053215026855
1182031 166.0022735595703
1182022 167.9995059967041
1182008 155.99870681762695
1181942 158.9987277984619
1181918 154.9997329711914
1181918 151.04007720947266
1181918 150.95949172973633
1181892 163.0079746246338
1181872 170.99571228027344
1181830 187.00170516967773
1181805 178.0383586883545
1181805 161.00120544433594
1181758 163.95926475524902
1181747 174.00097846984863
1181732 169.99578475952148
1181732 166.0025119781494
1181718 160.0356101989746
1181706 156.00299835205078
1181706 175.01568794250488
1181685 171.01359367370605
1181685 162.9960536956787
1181685 156.00156784057617
1181666 151.0326862335205
1181666 195.89471817016602
1181666 161.0407829284668
1181656 171.96273803710938
1181620 178.99632453918457
1181620 218.00780296325684
1181609 269.99664306640625
1181609 503.9992332458496
1181578 308.05110931396484
1181550 237.2899055480957
1181495 218.17970275878906
1181492 212.00013160705566
1181492 228.99699211120605
1181492 292.00005531311035
1181488 227.00238227844238
1181488 205.02877235412598
1181488 181.00762367248535
1181488 173.9664077758789
1181467 166.99481010437012
1181443 173.03967475891113
1181425 174.0415096282959
1181422 165.96364974975586
1181422 166.03708267211914
1181422 176.00035667419434
1181412 189.00561332702637
1181408 187.99567222595215
1181408 180.36580085754395
1181408 233.99901390075684
1181408 318.00127029418945
1181408 294.53396797180176
1181405 400.00343322753906
1181334 341.9938087463379
1181334 265.05494117736816
1181334 229.97164726257324
1181334 223.01769256591797
1181331 217.00215339660645
1181331 226.99284553527832
1181331 223.04344177246094
1181288 194.96703147888184
1181288 212.0349407196045
1181270 224.0004539489746
1181259 209.99765396118164
1181259 207.96537399291992
1181247 261.0013484954834
1181247 385.9999179840088
1181239 405.54046630859375
1181205 250.99945068359375
1181205 182.99627304077148
1181205 211.99893951416016
1181171 187.99948692321777
1181168 182.5556755065918
1181151 174.96085166931152
1181151 167.99640655517578
1181151 169.00396347045898
1181109 163.0396842956543
1181109 165.05050659179688
1181088 159.99913215637207
1181087 165.0066375732422
1181087 156.0506820678711
1181087 152.99677848815918
1181049 103.79886627197266
1181049 154.16836738586426
1181049 148.52285385131836
1181032 152.95958518981934
1181016 149.99842643737793
1180953 155.04217147827148
1180947 154.00075912475586
1180937 151.0143280029297
1180908 169.00110244750977
1180883 171.01287841796875
1180850 175.03738403320312
1180832 190.99879264831543
1180829 203.96804809570312
1180783 253.04007530212402
1180783 186.95759773254395
1180758 186.0048770904541
1180711 248.002290725708
1180705 284.99698638916016
1180705 257.0023536682129
1180676 240.99469184875488
1180660 195.9991455078125
1180660 172.99914360046387
1180660 164.02220726013184
1180660 157.00078010559082
1180660 161.00072860717773
1180660 153.99885177612305
1180639 165.00306129455566
1180639 157.99999237060547
1180639 154.9997329711914
1180594 155.99989891052246
