18179 60.00041961669922
18170 2.009153366088867
18163 1.9907951354980469
18163 1.0020732879638672
18159 1.0008811950683594
18151 1.9989013671875
18145 2.0477771759033203
18110 1.9812583923339844
18110 2.00653076171875
18106 0.9946823120117188
18083 0.9989738464355469
18064 1.003265380859375
18064 2.009153366088867
18058 0.9829998016357422
18053 1.9729137420654297
18032 2.0418167114257812
18032 2.0058155059814453
18024 1.9841194152832031
17996 1.0008811950683594
17977 0.9987354278564453
17977 1.001119613647461
17977 1.0013580322265625
17977 0.9996891021728516
17962 1.9679069519042969
17962 1.0340213775634766
17949 1.9907951354980469
17883 0.9737014770507812
17883 3.0603408813476562
17872 0.9400844573974609
17872 2.0322799682617188
17872 0.9989738464355469
17872 1.001119613647461
17831 0.9987354278564453
17824 1.0030269622802734
17800 1.0023117065429688
17790 1.9989013671875
17790 0.9963512420654297
17777 1.0030269622802734
17776 0.9965896606445312
17775 1.9998550415039062
17775 1.003265380859375
17765 1.997232437133789
17754 1.003265380859375
17722 0.9970664978027344
17722 1.0142326354980469
17722 0.9891986846923828
17722 1.0020732879638672
17713 2.0017623901367188
17703 0.9601116180419922
17703 1.0368824005126953
17703 0.9989738464355469
17672 1.0027885437011719
17672 0.9973049163818359
17663 2.0012855529785156
17636 1.0001659393310547
17636 0.9984970092773438
17636 1.0018348693847656
17636 2.000570297241211
17618 0.9987354278564453
17618 0.9989738464355469
17618 1.0013580322265625
17595 0.9989738464355469
17580 1.0104179382324219
17552 1.9893646240234375
17552 1.0004043579101562
17540 0.9992122650146484
17540 1.0001659393310547
17540 1.0027885437011719
17518 0.9973049163818359
17518 2.0003318786621094
17506 1.0004043579101562
17506 1.0013580322265625
17487 0.9984970092773438
17487 1.001596450805664
17480 0.9980201721191406
17480 1.003265380859375
17465 0.9965896606445312
17439 2.0003318786621094
17439 1.0001659393310547
17439 0.99945068359375
17426 1.0058879852294922
17426 2.0017623901367188
17406 0.9922981262207031
17383 1.0004043579101562
17383 0.9999275207519531
17368 1.0023117065429688
17362 0.9977817535400391
17362 1.9993782043457031
17362 1.0001659393310547
17304 1.0075569152832031
17301 0.9925365447998047
17233 1.0325908660888672
17233 0.9679794311523438
17233 2.0020008087158203
17233 0.9975433349609375
17217 1.0008811950683594
17217 1.001596450805664
17194 0.99945068359375
17189 2.0003318786621094
17186 0.9975433349609375
17186 0.9999275207519531
17168 1.001119613647461
17165 0.9603500366210938
17165 2.0401477813720703
17165 0.9996891021728516
17123 0.9992122650146484
17059 0.9999275207519531
17059 0.9996891021728516
17059 2.0003318786621094
17020 1.0006427764892578
17001 0.9992122650146484
17000 1.001119613647461
16995 1.001119613647461
16981 2.000093460083008
16966 0.99945068359375
16944 1.0004043579101562
16944 0.9987354278564453
16944 0.9617805480957031
16941 1.0457038879394531
16941 0.9527206420898438
16941 2.0389556884765625
16941 0.9996891021728516
16936 1.0008811950683594
16934 1.0027885437011719
16923 0.9980201721191406
16923 2.0067691802978516
16922 0.9922981262207031
16922 0.9996891021728516
16906 1.003265380859375
16861 0.9982585906982422
16844 1.0051727294921875
16839 1.9936561584472656
16839 0.9992122650146484
16839 0.9632110595703125
16839 1.0383129119873047
16839 0.9989738464355469
16839 2.000093460083008
16818 0.99945068359375
16818 1.001596450805664
16811 1.0008811950683594
16783 1.9600391387939453
16783 1.0387897491455078
16783 0.99945068359375
16783 0.9989738464355469
16775 1.0030269622802734
16752 0.9975433349609375
16752 2.004861831665039
16752 0.9982585906982422
16732 0.9982585906982422
16732 0.9989738464355469
16721 1.0004043579101562
16707 2.0024776458740234
16696 0.9987354278564453
16696 0.9601116180419922
16696 1.0411739349365234
16696 1.0044574737548828
16696 1.9922256469726562
16637 0.99945068359375
16609 1.0018348693847656
16571 0.9984970092773438
16545 1.0004043579101562
16513 0.9617805480957031
16513 2.0377635955810547
16510 1.001119613647461
16494 0.9989738464355469
16450 1.0008811950683594
16432 1.0068416595458984
16428 2.0055770874023438
16427 0.9894371032714844
16411 0.9977817535400391
16403 1.0027885437011719
16403 2.0020008087158203
16403 1.003265380859375
16403 0.9541511535644531
16376 2.040863037109375
16376 0.9965896606445312
16376 2.000093460083008
16376 1.0001659393310547
16329 1.0020732879638672
16329 0.9591579437255859
16327 2.0503997802734375
16327 0.9913444519042969
16327 0.9968280792236328
16327 0.9622573852539062
16327 1.9989013671875
16327 1.0118484497070312
16327 1.0292530059814453
16327 1.0001659393310547
16318 1.9974708557128906
16295 0.9996891021728516
16293 1.0001659393310547
16293 0.9632110595703125
16285 2.0384788513183594
16268 1.001119613647461
16268 1.0004043579101562
16268 0.9593963623046875
16249 2.000093460083008
16244 1.0411739349365234
16244 0.9965896606445312
16240 0.9989738464355469
16240 1.962423324584961
16226 1.0495185852050781
16209 1.951456069946289
16198 1.0399818420410156
16193 0.9977817535400391
16157 2.002239227294922
16157 0.9996891021728516
16157 0.9970664978027344
16157 0.9634494781494141
16110 1.0006427764892578
16110 2.0415782928466797
16110 0.9999275207519531
16110 0.99945068359375
16110 4.001617431640625
16076 1.9986629486083984
16076 0.9925365447998047
16041 0.9925365447998047
15994 1.974344253540039
15994 1.0259151458740234
15994 1.001119613647461
15976 0.9999275207519531
15966 1.9786357879638672
15966 1.0199546813964844
15966 0.9717941284179688
15926 2.0351409912109375
15926 1.0001659393310547
15926 1.0001659393310547
15926 0.9996891021728516
15898 1.0020732879638672
15898 1.9638538360595703
15898 1.0333061218261719
15898 0.9996891021728516
15898 1.0039806365966797
15883 1.0018348693847656
15883 0.9608268737792969
15866 2.001047134399414
15864 1.0383129119873047
15857 1.0037422180175781
15857 0.9553432464599609
15857 2.0418167114257812
15857 1.0008811950683594
15837 0.9932518005371094
15837 0.9670257568359375
15837 2.035379409790039
15763 0.9961128234863281
15736 1.0006427764892578
15736 0.9996891021728516
15685 1.0066032409667969
15670 2.003192901611328
15658 0.9584426879882812
15632 0.9980201721191406
15632 2.040386199951172
15592 1.9605159759521484
15588 2.0422935485839844
15588 0.9968280792236328
15547 0.9989738464355469
15547 1.0001659393310547
15529 1.009225845336914
15525 1.950979232788086
15517 1.0390281677246094
15516 1.0023117065429688
15516 0.9975433349609375
15516 2.0008087158203125
15516 1.0001659393310547
15498 1.9626617431640625
15483 2.035856246948242
15483 1.003265380859375
15476 0.9970664978027344
15458 1.0004043579101562
15458 0.9999275207519531
15458 2.007007598876953
15458 0.9942054748535156
15458 1.0116100311279297
15430 0.9889602661132812
15380 1.9979476928710938
15380 0.9615421295166016
15379 0.99945068359375
15367 1.003265380859375
15367 2.035856246948242
15354 1.0018348693847656
15354 0.9982585906982422
15354 0.9996891021728516
15349 2.0074844360351562
15349 0.9927749633789062
15349 1.001119613647461
15349 1.0006427764892578
15329 0.9603500366210938
15319 1.0528564453125
15319 1.9993782043457031
15319 0.9875297546386719
15315 0.9605884552001953
15274 2.0372867584228516
15274 1.0025501251220703
15274 0.9579658508300781
15259 1.0025501251220703
15259 2.0372867584228516
15259 1.0051727294921875
15259 0.9953975677490234
15230 1.0020732879638672
15230 0.9970664978027344
15230 2.002716064453125
15230 1.0004043579101562
15230 0.9992122650146484
15202 1.0008811950683594
15202 1.9977092742919922
15202 0.9603500366210938
15202 1.0020732879638672
15145 1.0378360748291016
15145 2.0003318786621094
15145 1.0094642639160156
15118 0.9901523590087891
15118 1.0018348693847656
15118 2.0012855529785156
15102 0.0
15091 1.996755599975586
15091 1.001119613647461
15086 0.9663105010986328
15076 0.9925365447998047
14999 2.0427703857421875
14999 1.9960403442382812
14999 1.001596450805664
14999 0.9992122650146484
14997 1.0001659393310547
14947 1.0042190551757812
14923 1.9581317901611328
14923 1.0335445404052734
14923 1.0001659393310547
14889 1.9655227661132812
14889 1.0330677032470703
14854 0.9670257568359375
14853 1.0013580322265625
14853 2.032041549682617
14840 0.9999275207519531
14840 1.0035037994384766
14840 0.9968280792236328
14840 1.9786357879638672
14840 1.024007797241211
14840 0.9973049163818359
14814 0.99945068359375
14814 1.9671916961669922
14814 1.039266586303711
14814 0.9615421295166016
14814 1.0390281677246094
14814 2.0134449005126953
14810 0.98419189453125
14810 1.001119613647461
14803 0.9989738464355469
14796 1.9609928131103516
14796 1.0447502136230469
14796 1.2383460998535156
14796 0.7567405700683594
14729 1.9989013671875
14729 1.0151863098144531
14668 0.9481906890869141
14666 1.0378360748291016
14648 1.0013580322265625
14644 0.9977817535400391
14644 1.9655227661132812
14644 1.0347366333007812
14640 0.9608268737792969
14640 2.0384788513183594
14637 1.0027885437011719
14614 1.001119613647461
14609 0.9961128234863281
14585 1.9998550415039062
14545 0.9622573852539062
14545 1.0404586791992188
14545 0.9982585906982422
14531 1.001596450805664
14522 1.9605159759521484
14522 1.0378360748291016
14522 1.0006427764892578
14510 1.9993782043457031
14510 0.9999275207519531
14510 1.0006427764892578
14510 1.2726783752441406
14510 1.7268657684326172
14510 0.9622573852539062
14510 1.0457038879394531
14510 1.99127197265625
14510 1.0025501251220703
14458 0.9975433349609375
14407 1.0030269622802734
14394 1.9593238830566406
14393 1.0471343994140625
14374 0.9911060333251953
14366 0.9992122650146484
14328 1.0013580322265625
14322 1.979827880859375
14322 1.0194778442382812
14318 0.99945068359375
14293 1.0004043579101562
14286 2.000093460083008
14286 0.0
14286 2.0029544830322266
14286 0.9989738464355469
14248 0.9989738464355469
14241 0.9732246398925781
14241 2.0248889923095703
14241 1.0001659393310547
14241 1.0004043579101562
14241 0.9632110595703125
14233 1.0368824005126953
14233 1.9998550415039062
14231 0.9996891021728516
14231 1.0020732879638672
14231 0.9987354278564453
14228 1.0018348693847656
14224 1.9986629486083984
14224 1.0128021240234375
14224 0.9937286376953125
14162 0.9746551513671875
14159 0.980377197265625
14159 1.001596450805664
14149 0.9989738464355469
14113 0.9992122650146484
14113 1.0046958923339844
14097 0.9977817535400391
14091 1.001119613647461
14091 1.0104179382324219
14091 2.001523971557617
14090 0.9844303131103516
14090 1.0023117065429688
14060 0.9975433349609375
14059 1.0004043579101562
14050 0.9620189666748047
14050 2.043008804321289
14050 0.9949207305908203
14048 1.0030269622802734
14048 1.0001659393310547
14048 1.9962787628173828
14048 1.0004043579101562
14047 0.9605884552001953
14047 1.0395050048828125
14047 1.0023117065429688
14047 1.9996166229248047
14047 0.9987354278564453
14042 1.0001659393310547
14042 0.99945068359375
14015 0.9622573852539062
14015 2.03704833984375
13992 1.0025501251220703
13975 1.0116100311279297
13975 0.9858608245849609
13965 1.0001659393310547
13965 1.9636154174804688
13965 0.9984970092773438
13938 1.0406970977783203
13938 0.9977817535400391
13912 2.0003318786621094
13908 0.9999275207519531
13908 0.9624958038330078
13908 1.0390281677246094
13874 2.0012855529785156
13866 0.9987354278564453
13862 0.9717941284179688
13817 1.0290145874023438
13817 0.9589195251464844
13797 2.0411014556884766
13797 0.9968280792236328
13788 1.0025501251220703
13781 0.9977817535400391
13781 1.9998550415039062
13781 1.001596450805664
13773 0.9980201721191406
13773 1.0001659393310547
13773 1.0004043579101562
13708 1.9621849060058594
13708 1.0385513305664062
13679 0.9615421295166016
13673 1.0464191436767578
13673 1.9931793212890625
13673 1.0001659393310547
13673 1.0004043579101562
13670 0.9977817535400391
13670 1.0044574737548828
13670 1.9962787628173828
13670 0.9987354278564453
13670 1.0006427764892578
13670 0.9996891021728516
13670 2.0024776458740234
13614 0.9982585906982422
13614 1.009225845336914
13614 1.9915103912353516
13614 1.009225845336914
13559 0.9889602661132812
13559 1.0025501251220703
13559 0.9598731994628906
13556 1.0509490966796875
13555 0.9872913360595703
13543 2.0020008087158203
13535 0.9980201721191406
13535 1.0044574737548828
13535 0.9949207305908203
13535 1.9631385803222656
13535 1.039743423461914
13535 0.9977817535400391
13524 1.0006427764892578
13513 1.001596450805664
13513 1.9593238830566406
13513 1.0385513305664062
13513 1.0023117065429688
13513 0.9999275207519531
13513 0.9982585906982422
13491 2.0020008087158203
13491 0.9970664978027344
13491 0.9996891021728516
13491 2.0062923431396484
13491 0.9984970092773438
13481 0.995635986328125
13481 0.9613037109375
13474 2.0384788513183594
13473 1.0023117065429688
13441 0.9980201721191406
13441 0.9620189666748047
13441 2.048492431640625
13441 0.9896755218505859
13438 1.0006427764892578
13438 0.9984970092773438
13438 1.001119613647461
13430 1.9633769989013672
13412 1.032114028930664
13402 1.9936561584472656
13384 1.001119613647461
13384 0.9996891021728516
13384 2.0127296447753906
13384 0.9858608245849609
13384 2.003908157348633
13379 1.9962787628173828
13379 1.0037422180175781
13379 1.0008811950683594
13379 1.9774436950683594
13379 1.0368824005126953
13379 0.9915828704833984
13379 2.0017623901367188
13375 0.0
13375 2.0003318786621094
13366 0.9977817535400391
13366 1.001596450805664
13359 0.9999275207519531
13282 0.9615421295166016
13282 2.036571502685547
13281 0.9999275207519531
13281 0.9999275207519531
13281 1.0128021240234375
13281 0.9875297546386719
13281 2.000093460083008
13273 0.9999275207519531
13260 1.0020732879638672
13256 0.9975433349609375
13256 1.9657611846923828
13256 1.0366439819335938
13239 0.9989738464355469
13239 0.9992122650146484
13224 1.0001659393310547
13221 2.000093460083008
13187 0.9999275207519531
13187 1.0020732879638672
13187 0.9973049163818359
13187 1.962900161743164
13187 1.0523796081542969
13187 0.9872913360595703
13184 0.9992122650146484
13184 0.9608268737792969
13184 2.0389556884765625
13183 1.0120868682861328
13183 0.988006591796875
13167 1.0006427764892578
13148 2.0034313201904297
13142 0.995635986328125
13106 0.9672641754150391
13106 2.0422935485839844
13097 1.0352134704589844
13097 1.0001659393310547
13080 1.001119613647461
13080 0.9992122650146484
13080 1.9998550415039062
13080 1.0020732879638672
13080 0.9987354278564453
13080 0.9996891021728516
13080 1.0001659393310547
13041 2.0012855529785156
13041 0.9608268737792969
13041 1.039266586303711
13041 0.9977817535400391
13041 1.0027885437011719
13041 1.996755599975586
13041 1.001596450805664
13041 0.9989738464355469
13026 1.0044574737548828
13024 0.9958744049072266
13006 1.9998550415039062
13006 1.0025501251220703
12949 0.9770393371582031
12929 1.0204315185546875
12893 1.0058879852294922
12873 1.9962787628173828
12871 0.9975433349609375
12871 1.012563705444336
12871 1.0356903076171875
12871 1.0037422180175781
12854 1.997232437133789
12854 0.9996891021728516
12843 1.0004043579101562
12829 1.0027885437011719
12826 0.9977817535400391
12826 1.9998550415039062
12826 0.9999275207519531
12826 0.9992122650146484
12826 1.0001659393310547
12826 2.000093460083008
12826 1.0056495666503906
12826 0.9977817535400391
12821 0.9729862213134766
12821 2.023458480834961
12821 1.0008811950683594
12821 0.9984970092773438
12791 1.0037422180175781
12773 1.0051727294921875
12773 1.996755599975586
12773 0.9949207305908203
12773 1.001119613647461
12753 0.9980201721191406
12753 1.0020732879638672
12751 1.0018348693847656
12751 0.9605884552001953
12751 1.0371208190917969
12739 0.9999275207519531
12731 1.9996166229248047
12731 0.9999275207519531
12731 1.0042190551757812
12725 0.9987354278564453
12725 1.001119613647461
12725 0.9961128234863281
12725 2.000093460083008
12692 1.001596450805664
12692 0.9875297546386719
12692 2.0134449005126953
12672 0.9984970092773438
12672 1.0004043579101562
12672 0.9989738464355469
12669 1.9626617431640625
12669 1.0387897491455078
12667 1.0023117065429688
12647 0.9989738464355469
12647 0.9970664978027344
12638 0.9973049163818359
12638 1.0118484497070312
12638 0.9505748748779297
12598 2.044677734375
12594 0.9889602661132812
12594 0.9977817535400391
12594 0.9963512420654297
12594 2.000093460083008
12588 0.9996891021728516
12588 2.0012855529785156
12588 2.009153366088867
12588 1.9958019256591797
12563 2.967357635498047
12525 1.0333061218261719
12525 1.9989013671875
12478 0.9999275207519531
12469 0.9996891021728516
12469 1.0008811950683594
12454 0.9801387786865234
12454 2.017974853515625
12454 1.9698143005371094
12454 0.9992122650146484
12454 1.0325908660888672
12454 2.001047134399414
12445 0.9992122650146484
12425 1.997232437133789
12425 1.0025501251220703
12425 1.001119613647461
12425 0.9992122650146484
12425 1.0004043579101562
12410 1.0025501251220703
12399 1.962900161743164
12399 1.0476112365722656
12386 0.9925365447998047
12386 0.9984970092773438
12386 2.0003318786621094
12386 0.9999275207519531
12382 1.0006427764892578
12377 1.0027885437011719
12377 1.9578933715820312
12377 1.0409355163574219
12348 0.9970664978027344
12348 0.9996891021728516
12333 1.001119613647461
12333 1.0001659393310547
12333 1.9600391387939453
12329 1.0480880737304688
12329 0.9920597076416016
12317 1.001119613647461
12311 1.9979476928710938
12311 1.0001659393310547
12301 0.9992122650146484
12301 1.0018348693847656
12288 0.9980201721191406
12288 2.000093460083008
12261 0.99945068359375
12254 1.0006427764892578
12254 1.0013580322265625
12248 1.0058879852294922
12248 0.9932518005371094
12248 0.9601116180419922
12248 1.0406970977783203
12248 1.9989013671875
12248 1.0004043579101562
12188 1.0004043579101562
12188 0.9622573852539062
12188 2.0368099212646484
12171 1.0044574737548828
12171 0.9949207305908203
12171 1.0132789611816406
12171 1.9876956939697266
12135 1.0037422180175781
12135 0.9586811065673828
12135 1.0004043579101562
12130 1.0364055633544922
12130 1.0023117065429688
12130 0.9987354278564453
12130 2.0008087158203125
12130 0.9999275207519531
12130 1.0006427764892578
12130 1.9979476928710938
12130 0.9999275207519531
12130 0.9999275207519531
12130 0.9701251983642578
12130 1.0323524475097656
12129 2.001523971557617
12129 0.9963512420654297
12127 1.0123252868652344
12127 0.9889602661132812
12124 0.9996891021728516
12099 2.0003318786621094
12099 0.9999275207519531
12099 0.9980201721191406
12099 1.001119613647461
12099 2.000093460083008
12099 0.9694099426269531
12085 1.02996826171875
12085 1.0004043579101562
12085 1.0037422180175781
12085 1.0066032409667969
12073 1.9898414611816406
12073 1.0023117065429688
12073 0.9968280792236328
12073 1.9712448120117188
12061 1.0302066802978516
12043 1.0006427764892578
12043 0.9980201721191406
12043 2.001047134399414
12043 0.9992122650146484
12043 0.9999275207519531
12043 1.0006427764892578
12043 1.0030269622802734
12032 1.9989013671875
12032 0.9975433349609375
12032 0.9634494781494141
12028 0.9989738464355469
12028 1.0373592376708984
12028 1.001119613647461
12028 0.9987354278564453
12028 1.0018348693847656
12028 2.0008087158203125
12028 0.9975433349609375
11991 0.9999275207519531
11979 1.0111331939697266
11979 0.9896755218505859
11979 1.9993782043457031
11979 0.9987354278564453
11979 1.0020732879638672
11979 1.003265380859375
11979 1.9977092742919922
11979 0.9992122650146484
11979 0.9992122650146484
11979 0.9989738464355469
11979 2.0024776458740234
11979 0.9980201721191406
11979 1.0008811950683594
11979 1.0013580322265625
11979 0.9982585906982422
11968 1.003265380859375
11968 1.9991397857666016
11968 0.9980201721191406
11968 1.0027885437011719
11959 0.9968280792236328
11959 1.0013580322265625
11959 1.9986629486083984
11954 0.9629726409912109
11954 0.9980201721191406
11954 2.038717269897461
11924 1.0004043579101562
11924 0.9999275207519531
11924 1.0097026824951172
11924 1.9919872283935547
11907 1.0116100311279297
11907 0.9870529174804688
11907 1.0008811950683594
11907 1.9614696502685547
11899 1.0378360748291016
11890 0.9996891021728516
11878 0.9598731994628906
11878 1.0404586791992188
11878 1.0008811950683594
11878 0.9982585906982422
11878 2.002239227294922
11864 0.9980201721191406
11862 1.0035037994384766
11862 0.9963512420654297
11862 1.0001659393310547
11862 1.9996166229248047
11862 1.0025501251220703
11831 0.9608268737792969
11829 1.0020732879638672
11824 0.9973049163818359
11824 1.0457038879394531
11824 0.9882450103759766
11824 1.0061264038085938
11820 1.001119613647461
11812 1.0001659393310547
11806 1.0035037994384766
11806 1.0051727294921875
11806 1.9900798797607422
11783 1.0023117065429688
11783 0.9605884552001953
11783 1.0380744934082031
11783 1.001119613647461
11783 1.0073184967041016
11783 2.0008087158203125
11783 0.9932518005371094
11765 0.9973049163818359
11765 1.0004043579101562
11760 1.0006427764892578
11760 0.9987354278564453
11760 1.0037422180175781
11760 1.9996166229248047
11740 1.0044574737548828
11726 0.9543895721435547
11726 1.0378360748291016
11726 1.001596450805664
11690 0.99945068359375
11690 0.9624958038330078
11667 2.035856246948242
11667 1.0013580322265625
11667 0.9989738464355469
11667 0.9613037109375
11667 2.039670944213867
11667 1.0035037994384766
11667 0.9992122650146484
11667 0.9965896606445312
11651 1.0001659393310547
11651 2.0003318786621094
11644 1.0006427764892578
11644 1.0008811950683594
11644 0.9987354278564453
11631 1.9991397857666016
11631 1.0013580322265625
11617 0.9617805480957031
11600 1.0421276092529297
11591 0.9944438934326172
11591 1.001596450805664
11577 2.000093460083008
11576 0.9996891021728516
11534 1.0008811950683594
11534 0.9992122650146484
11534 1.9993782043457031
11515 1.0008811950683594
11515 0.9984970092773438
11515 0.9820461273193359
11515 2.0236968994140625
11515 0.9989738464355469
11512 0.9963512420654297
11512 1.009225845336914
11512 0.9891986846923828
11512 2.0029544830322266
11512 0.99945068359375
11512 1.0089874267578125
11502 1.9543170928955078
11502 0.9987354278564453
11502 1.9991397857666016
11491 2.0008087158203125
11491 0.9999275207519531
11491 1.9998550415039062
11491 2.000093460083008
11458 3.014802932739258
11458 1.9872188568115234
11457 0.9987354278564453
11443 1.9991397857666016
11443 1.9998550415039062
11423 2.0012855529785156
11423 0.9992122650146484
11423 1.9998550415039062
11423 2.0017623901367188
11415 1.9979476928710938
11415 2.000093460083008
11415 1.9998550415039062
11412 2.0008087158203125
11412 1.9996166229248047
11412 0.99945068359375
11406 1.9981861114501953
11376 1.0001659393310547
11376 2.000093460083008
11376 1.9998550415039062
11376 0.0
11376 2.0003318786621094
11376 1.9996166229248047
11376 2.0003318786621094
11376 1.9996166229248047
11362 2.0012855529785156
11362 1.0001659393310547
11362 1.9984245300292969
11345 2.000093460083008
11338 2.001047134399414
11338 1.0006427764892578
11325 0.9992122650146484
11325 1.9993782043457031
11319 1.9998550415039062
11319 0.9999275207519531
11319 2.0003318786621094
11298 0.9996891021728516
11298 1.9998550415039062
11298 1.0004043579101562
11285 1.9996166229248047
11285 2.000570297241211
11285 0.9999275207519531
11285 1.9996166229248047
11285 1.9998550415039062
11283 1.0004043579101562
11281 1.0001659393310547
11273 0.9999275207519531
11239 2.000093460083008
11239 1.9996166229248047
11239 1.0001659393310547
11229 1.9996166229248047
11229 2.0003318786621094
11229 1.0001659393310547
11229 1.9998550415039062
11229 2.0003318786621094
11229 0.9996891021728516
11154 1.0001659393310547
11103 1.9998550415039062
11103 0.9992122650146484
11085 1.0008811950683594
11082 2.000093460083008
11082 2.000093460083008
11082 1.9993782043457031
11082 1.0001659393310547
11072 1.0004043579101562
11064 0.9999275207519531
11047 1.9998550415039062
11047 2.000093460083008
11047 0.9999275207519531
11046 0.9996891021728516
11045 1.0006427764892578
11004 1.9993782043457031
11004 0.9999275207519531
11004 1.9993782043457031
10990 2.0008087158203125
10990 0.9996891021728516
10990 0.99945068359375
10990 1.0004043579101562
10990 1.9996166229248047
10981 1.0004043579101562
10957 2.001047134399414
10955 1.9989013671875
10951 1.9996166229248047
10951 2.0089149475097656
10951 0.9913444519042969
10934 0.9999275207519531
10934 2.999544143676758
10934 1.0004043579101562
10934 2.000093460083008
10924 1.0020732879638672
10924 1.9984245300292969
10924 0.9999275207519531
10924 1.9993782043457031
10922 2.001523971557617
10897 1.9986629486083984
10877 1.0001659393310547
10868 0.9999275207519531
10854 1.9998550415039062
10827 1.0573863983154297
10827 0.9441375732421875
10803 1.9996166229248047
10782 0.99945068359375
10782 0.99945068359375
10782 2.0003318786621094
10782 0.9996891021728516
10782 1.9998550415039062
10782 2.0003318786621094
10782 0.9999275207519531
10782 2.9997825622558594
10782 1.9998550415039062
10782 1.0001659393310547
10764 2.000570297241211
10753 2.000093460083008
10753 0.9996891021728516
10753 0.9999275207519531
