2017 6.986379623413086
2017 1.0013580322265625
1967 0.0
1933 0.0
1924 0.0
1913 1.016378402709961
1909 0.0
1894 0.9808540344238281
1894 0.0
1891 0.0
1882 0.0
1868 0.9980201721191406
1868 0.0
1847 0.0
1842 0.0
1804 0.0
1804 0.0
1804 1.035928726196289
1797 0.0
1785 0.0
1785 1.0156631469726562
1785 0.0
1779 0.0
1769 0.0
1739 0.0
1709 0.0
1709 0.9877681732177734
1696 0.0
1668 0.0
1668 0.0
1660 0.0
1660 0.0
1658 1.001119613647461
1658 0.0
1636 0.0
1636 0.0
1636 0.0
1591 0.9620189666748047
1568 0.0
1546 0.0
1531 0.0
1522 0.0
1522 0.0
1522 0.9982585906982422
1512 0.0
1512 0.0
1495 0.0
1490 0.9992122650146484
1490 0.0
1422 0.0
1422 0.0
1409 0.0
1409 0.0
1399 0.99945068359375
1399 0.0
1399 0.0
1384 0.0
1378 0.0
1364 0.0
1358 1.0023117065429688
1357 0.0
1357 0.0
1357 0.0
1332 0.0
1332 0.0
1332 0.9987354278564453
1332 0.0
1332 0.0
1311 0.0
1311 0.9999275207519531
1311 0.0
1311 0.0
1311 0.99945068359375
1311 0.0
1311 0.0
1311 0.0
1297 1.039266586303711
1292 0.0
1284 0.0
1284 0.0
1284 0.0
1284 0.9989738464355469
1284 0.0
1284 0.0
1284 0.0
1284 1.0004043579101562
1284 0.0
1281 0.0
1281 0.0
1273 0.0
1273 0.0
1241 0.0
1241 0.9958744049072266
1241 0.0
1241 0.0
1241 0.0
1241 0.0
1241 0.0
1241 0.0
1236 1.0001659393310547
1236 0.0
1236 0.0
1236 0.0
1236 0.0
1236 0.0
1236 0.9992122650146484
1228 0.0
1228 0.0
1217 0.0
1217 0.0
1217 0.0
1217 0.0
1217 0.9999275207519531
1217 0.0
1216 0.0
1216 0.0
1216 0.0
1216 0.0
1216 1.0023117065429688
1216 0.0
1216 0.0
1216 0.0
1216 0.0
1195 0.0
1195 0.0
1195 0.9977817535400391
1194 0.0
1194 0.0
1187 0.0
1185 0.0
1172 0.9853839874267578
1167 0.0
1167 0.0
1167 0.0
1167 0.0
1167 1.0249614715576172
1167 0.0
1167 0.0
1167 0.9918212890625
1160 0.0
1160 0.0
1160 0.0
1160 0.0
1160 0.9987354278564453
1160 0.0
1160 0.0
1160 0.9946823120117188
1160 0.0
1159 0.0
1158 0.0
1136 0.0
1136 0.9751319885253906
1136 0.0
1136 0.0
1136 0.0
1121 0.0
1121 0.0
1115 1.0123252868652344
1115 0.0
1106 0.0
1106 1.0273456573486328
1106 0.0
1100 0.0
1100 0.9894371032714844
1100 0.0
1100 0.0
1098 0.0
1098 0.0
1098 0.0
1084 0.9999275207519531
1070 0.0
1070 0.0
1067 0.0
1064 0.0
1064 0.0
1064 1.0006427764892578
1064 0.0
1064 0.0
1064 0.0
1064 0.0
1064 0.0
1055 0.0
1055 0.99945068359375
1055 0.0
1052 0.0
1052 0.0
1052 0.0
1052 0.0
1052 0.9999275207519531
1044 0.0
1044 0.0
1041 0.0
1041 0.0
1041 0.0
1041 0.0
1023 1.0006427764892578
1023 0.0
1023 0.0
1023 0.0
1023 0.0
1012 0.0
1012 0.0
1000 0.0
1000 1.0023117065429688
985 0.0
985 0.0
985 0.0
985 0.0
985 0.0
985 0.9977817535400391
985 0.0
985 0.0
985 0.0
985 0.0
985 0.0
984 0.9686946868896484
984 0.0
984 0.0
984 0.0
981 0.0
981 0.9996891021728516
981 0.0
981 0.0
976 0.0
976 0.0
976 0.0
976 0.9999275207519531
963 0.0
963 0.0
963 0.0
963 0.0
963 0.0
953 1.0044574737548828
953 0.0
953 0.0
953 0.0
948 0.0
948 0.9930133819580078
948 0.0
948 0.0
931 0.0
931 0.0
931 1.0004043579101562
931 0.0
923 1.0004043579101562
923 0.0
922 0.0
919 0.0
907 0.0
907 0.0
907 0.99945068359375
907 0.0
907 0.0
907 0.0
905 0.0
905 0.0
898 1.033782958984375
898 0.0
898 0.0
892 0.0
892 0.0
892 0.0
892 0.0
892 0.99945068359375
873 0.0
873 0.0
872 0.0
866 0.0
866 0.0
866 0.0
866 0.9999275207519531
866 0.0
861 0.0
861 0.0
861 0.0
861 0.0
836 1.0004043579101562
836 0.0
836 0.0
836 0.0
836 0.0
836 0.0
836 0.0
836 0.9996891021728516
836 0.0
828 0.0
812 0.0
812 0.0
812 0.0
812 0.0
806 1.0001659393310547
806 0.0
806 0.0
799 0.0
799 0.0
799 0.0
799 0.0
793 1.0027885437011719
793 0.0
793 0.0
793 0.0
793 0.0
787 0.0
787 0.0
787 0.9968280792236328
787 0.0
785 0.0
785 0.0
785 0.0
785 0.0
785 1.0001659393310547
785 0.0
785 0.0
774 0.0
774 0.0
771 0.0
771 1.0159015655517578
753 0.0
753 0.0
753 0.0
753 0.0
753 0.0
744 1.0058879852294922
744 0.0
744 0.0
744 0.0
744 0.0
744 0.9467601776123047
744 0.0
744 0.0
744 0.0
743 0.0
743 1.0187625885009766
743 0.0
743 0.0
743 0.0
743 1.0166168212890625
743 0.0
743 0.0
743 0.0
743 0.0
743 0.0
743 0.0
743 0.9973049163818359
743 0.0
742 0.0
739 0.0
739 0.0
739 0.0
739 0.0
739 1.0056495666503906
739 0.0
739 0.0
739 0.0
732 0.0
732 0.0
732 0.9942054748535156
732 0.0
732 0.0
732 0.0
732 0.0
732 0.0
732 0.0
725 0.9987354278564453
725 0.0
725 0.0
725 0.0
719 0.0
719 0.0
719 1.0066032409667969
719 0.0
719 0.0
719 0.0
719 0.0
719 0.0
719 0.0
719 0.0
719 0.0
719 0.0
719 0.0
719 0.0
719 0.0
719 1.0001659393310547
719 0.0
713 0.0
706 0.0
700 0.0
700 0.0
700 0.0
700 1.0004043579101562
700 0.0
694 0.0
694 0.0
694 0.0
694 0.0
694 1.0218620300292969
691 0.0
691 0.0
691 0.0
691 0.0
691 0.0
691 0.0
691 0.9832382202148438
690 0.0
690 0.0
690 0.0
686 0.0
686 0.0
686 1.0020732879638672
686 0.0
682 0.0
679 0.0
679 0.0
679 0.0
674 0.0
674 1.020193099975586
674 0.0
674 0.0
674 0.0
674 0.0
674 0.9963512420654297
674 0.0
674 0.0
663 0.0
663 0.0
663 0.0
663 0.9939670562744141
663 0.0
663 0.0
663 0.9834766387939453
663 0.0
663 0.0
663 0.0
663 0.0
663 0.0
663 0.0
663 1.001119613647461
663 0.0
663 0.0
663 0.0
663 0.0
663 0.0
663 0.0
663 1.001119613647461
663 0.0
663 0.0
663 0.0
663 0.0
659 0.0
659 0.0
659 0.9987354278564453
659 0.0
659 0.0
657 0.0
657 0.0
657 0.0
657 0.9975433349609375
651 0.0
651 0.0
651 0.0
650 0.0
650 0.0
650 0.0
646 1.0001659393310547
646 0.0
646 0.0
639 0.0
639 0.0
634 0.0
634 0.0
634 0.9996891021728516
634 0.0
634 0.0
634 0.0
634 0.0
634 0.0
634 1.0058879852294922
634 0.0
634 0.0
634 0.0
631 0.0
631 0.0
631 0.9939670562744141
631 0.0
631 0.0
631 0.0
631 0.0
631 0.0
631 0.0
631 1.0001659393310547
631 0.0
631 0.0
631 0.0
631 0.0
631 0.0
631 0.0
631 1.005411148071289
631 0.0
631 0.0
631 0.0
631 0.0
631 0.0
631 0.0
631 0.99945068359375
631 0.0
631 0.0
628 0.0
628 0.0
628 0.0
628 0.0
628 1.0030269622802734
625 0.0
625 0.0
625 0.0
625 0.0
625 0.0
625 0.0
625 0.9961128234863281
625 0.0
625 0.0
625 0.0
625 0.0
625 0.0
625 0.9653568267822266
625 0.0
625 0.0
625 0.0
625 0.0
625 0.0
622 1.0447502136230469
622 0.0
622 0.0
622 0.0
622 0.0
622 0.0
622 0.0
622 0.9915828704833984
620 0.0
620 0.0
620 0.0
614 0.0
614 0.0
614 0.0
608 1.0061264038085938
608 0.0
608 0.0
608 0.0
608 0.0
608 0.0
600 0.9946823120117188
600 0.0
600 0.0
600 0.0
600 0.0
600 0.0
599 0.0
599 1.0013580322265625
599 0.0
575 0.0
575 0.0
575 0.0
575 0.0
575 0.0
575 0.0
575 0.0
575 0.0
575 0.0
575 0.0
575 0.0
575 0.0
575 0.0
575 1.0027885437011719
575 0.0
575 0.0
575 0.0
573 0.0
573 0.0
573 0.9970664978027344
570 0.0
563 0.0
562 0.0
562 0.0
562 0.0
562 0.0
562 0.0
559 1.001119613647461
559 0.0
559 0.0
559 0.0
559 0.0
559 0.0
559 0.9999275207519531
559 0.0
559 0.0
557 0.0
551 0.0
551 0.0
551 0.0
551 1.0006427764892578
548 0.0
548 0.0
548 0.0
548 0.0
548 0.0
548 0.9996891021728516
548 0.0
548 0.0
548 0.0
548 0.0
545 0.0
543 0.0
543 1.0001659393310547
543 0.0
543 0.0
543 0.0
543 0.0
543 0.0
538 0.0
538 0.9999275207519531
536 0.0
536 0.0
536 0.0
536 0.0
536 0.0
536 0.0
536 0.9999275207519531
524 0.0
524 0.0
524 0.0
524 0.0
524 0.0
524 0.0
524 1.0006427764892578
524 0.0
524 0.0
524 0.0
524 0.0
516 0.0
516 0.9996891021728516
516 0.0
516 0.0
516 0.0
516 0.0
516 0.0
516 0.9999275207519531
516 0.0
510 0.0
509 0.0
509 0.0
509 0.0
509 1.0025501251220703
504 0.0
504 0.0
504 0.0
504 0.0
504 0.0
504 0.0
504 0.9980201721191406
503 0.0
503 0.0
503 0.0
501 0.0
501 0.0
501 0.0
501 0.9987354278564453
501 0.0
501 0.0
501 0.0
501 0.0
501 0.0
501 1.0004043579101562
501 0.0
495 0.0
495 0.0
495 0.0
495 0.0
495 0.0
495 0.9992122650146484
495 0.0
490 0.0
490 0.0
490 0.0
490 0.0
490 1.0046958923339844
485 0.0
485 0.0
485 0.0
485 0.0
485 0.0
482 0.0
482 0.9953975677490234
482 0.0
482 0.0
482 0.0
482 0.0
480 0.0
480 0.0
480 1.0008811950683594
480 0.0
480 0.0
480 0.0
480 0.0
480 0.0
480 1.001119613647461
480 0.0
480 0.0
480 0.0
480 0.0
480 0.0
480 0.0
480 0.9992122650146484
480 0.0
480 0.0
480 0.0
480 0.0
480 0.0
480 0.9987354278564453
480 0.0
480 0.0
480 0.0
480 0.0
478 0.0
478 0.0
478 0.9999275207519531
478 0.0
478 0.0
478 0.0
478 0.0
478 0.0
478 0.0
478 1.0001659393310547
473 0.0
473 0.0
473 0.0
473 0.0
473 0.0
473 0.0
473 1.0006427764892578
460 0.0
460 0.0
460 0.0
460 0.0
460 0.0
460 0.0
460 1.0197162628173828
460 0.0
460 0.0
460 0.9820461273193359
460 0.0
460 0.0
460 0.0
460 0.0
460 0.0
460 0.0
460 1.001119613647461
460 0.0
460 0.0
460 0.0
460 0.0
460 0.0
460 0.0
460 0.9965896606445312
460 0.0
460 0.0
460 0.0
460 0.0
460 0.0
460 0.0
460 1.001119613647461
460 0.0
460 0.0
460 0.0
460 0.0
460 0.0
460 0.0
460 0.9989738464355469
460 0.0
460 0.0
460 0.0
460 0.0
460 0.0
460 0.0
460 1.0013580322265625
460 0.0
460 0.0
460 0.0
460 0.0
460 0.0
460 0.0
460 0.0
460 0.0
460 0.0
460 0.0
460 0.0
460 0.0
460 0.9942054748535156
460 0.0
459 0.0
459 0.0
459 0.0
459 0.0
459 0.0
458 1.0004043579101562
458 0.0
458 0.0
458 0.0
458 0.0
458 0.0
458 0.0
458 0.99945068359375
458 0.0
458 0.0
458 0.0
458 0.0
458 0.0
457 1.001596450805664
457 0.0
457 0.0
457 0.0
457 0.0
457 0.0
454 0.0
454 0.9989738464355469
454 0.0
454 0.0
454 0.0
454 0.0
454 0.0
454 0.9999275207519531
454 0.0
454 0.0
454 0.0
454 0.0
454 0.0
454 0.0
454 0.9989738464355469
454 0.0
454 0.0
454 0.0
454 0.0
447 0.0
443 1.0006427764892578
443 0.0
436 0.0
436 0.0
436 0.0
436 0.0
436 0.0
436 0.9996891021728516
436 0.0
436 0.0
436 0.0
436 0.0
435 0.9627342224121094
435 0.0
435 0.0
435 0.0
435 0.0
435 0.0
435 0.0
435 1.0404586791992188
435 0.0
435 0.0
435 0.0
435 0.0
435 0.0
435 0.0
435 1.0030269622802734
435 0.0
435 0.0
435 0.0
435 0.0
435 0.0
435 0.0
435 0.9942054748535156
431 0.0
431 0.0
431 0.0
429 0.0
427 0.0
427 0.0
427 1.0001659393310547
427 0.0
427 0.0
427 0.0
427 0.0
427 0.0
427 0.9992122650146484
427 0.0
427 0.0
427 0.0
427 0.0
427 0.0
427 0.0
427 1.0001659393310547
427 0.0
427 0.0
427 0.0
427 0.0
427 0.0
427 1.0023117065429688
427 0.0
427 0.0
427 0.0
427 0.0
427 0.0
427 0.0
427 0.9984970092773438
427 0.0
427 0.0
427 0.0
427 0.0
427 0.0
427 0.9617805480957031
427 0.0
427 0.0
427 0.0
427 0.0
427 0.0
427 1.0385513305664062
427 0.0
427 0.0
427 0.0
427 0.0
427 0.0
427 1.0006427764892578
427 0.0
427 0.0
427 0.0
427 0.0
427 0.0
427 0.0
427 0.9982585906982422
427 0.0
427 0.0
427 0.0
427 0.0
427 0.0
427 0.0
427 1.0018348693847656
427 0.0
427 0.0
427 0.0
427 0.0
423 0.0
423 1.0061264038085938
423 0.0
423 0.0
423 0.0
423 0.0
421 0.0
421 0.0
421 0.9922981262207031
421 0.0
421 0.0
421 0.0
421 0.0
421 0.0
417 0.0
417 0.0
417 0.0
417 0.0
417 0.0
417 0.0
417 0.0
417 0.9984970092773438
417 0.0
417 0.0
417 0.0
417 0.0
417 0.0
417 0.0
417 0.9968280792236328
417 0.0
417 0.0
417 0.0
417 0.0
417 0.0
417 0.0
417 0.9996891021728516
417 0.0
417 0.0
410 0.0
410 0.0
405 0.0
405 0.0
405 1.0058879852294922
405 0.0
405 0.0
405 0.0
405 0.0
405 0.0
405 0.9939670562744141
405 0.0
405 0.0
405 0.0
405 0.0
405 0.0
405 0.0
405 1.001119613647461
405 0.0
