595477 21779.402256011963
595477 95.0326919555664
595477 93.96052360534668
595475 102.5087833404541
595475 113.006591796875
595473 90.03996849060059
595471 75.00267028808594
595429 71.99454307556152
595429 71.99931144714355
595397 65.95754623413086
595391 74.00083541870117
595388 72.9987621307373
595381 71.04158401489258
595381 70.9984302520752
595378 71.00486755371094
595375 69.99588012695312
595375 69.00548934936523
595375 70.01614570617676
595372 68.04704666137695
595356 70.95646858215332
595356 72.53813743591309
595309 74.51820373535156
595309 73.99988174438477
595282 75.00052452087402
595282 72.99947738647461
595236 73.00043106079102
595230 69.99945640563965
595230 73.00019264221191
595212 69.99778747558594
595212 65.99950790405273
595212 63.99941444396973
595211 65.00005722045898
595208 65.00053405761719
595205 65.00005722045898
595205 62.99948692321777
595181 63.99989128112793
595162 63.00067901611328
595155 62.99948692321777
595155 68.00150871276855
595130 69.0011978149414
595087 69.99993324279785
595054 67.0003890991211
595054 67.00015068054199
594981 66.99943542480469
594981 65.99998474121094
594955 66.0102367401123
594946 68.01104545593262
594941 67.0008659362793
594852 67.99864768981934
594852 66.00117683410645
594835 67.01040267944336
594771 67.99983978271484
594771 67.0008659362793
594759 65.99879264831543
594719 69.0007209777832
594718 67.99960136413574
594713 69.000244140625
594693 68.04275512695312
594669 62.00885772705078
594669 61.99479103088379
594667 62.00909614562988
594642 60.99867820739746
594642 60.98818778991699
594632 63.99941444396973
594632 60.99200248718262
594554 63.01093101501465
594553 61.0506534576416
594553 63.997745513916016
594553 46.00262641906738
594553 62.95418739318848
594553 62.00003623962402
594553 63.99893760681152
594552 59.000253677368164
594552 62.00265884399414
594546 61.998605728149414
594546 59.99946594238281
594484 62.99901008605957
594484 69.00787353515625
594484 49.028873443603516
594484 61.96427345275879
594423 62.04485893249512
594423 63.002586364746094
594396 61.042070388793945
594396 63.01569938659668
594396 62.05415725708008
594346 63.985347747802734
594318 66.00069999694824
594318 62.995195388793945
594318 64.00394439697266
594277 66.95842742919922
594252 64.99934196472168
594252 66.00284576416016
594252 64.99767303466797
594252 63.00020217895508
594231 63.99965286254883
594196 63.040971755981445
594196 64.00036811828613
594168 63.00497055053711
594167 64.95428085327148
594132 63.03572654724121
594132 65.00554084777832
594118 65.00840187072754
594053 61.99359893798828
594046 67.00754165649414
594046 63.95125389099121
594036 65.04416465759277
594034 44.994354248046875
594024 62.04104423522949
594024 62.999725341796875
594024 63.95745277404785
594010 65.04988670349121
593971 62.95180320739746
593971 64.03756141662598
593946 64.0561580657959
593927 63.999176025390625
593927 64.01991844177246
593915 63.98463249206543
593913 61.99288368225098
593884 61.011314392089844
593884 63.01569938659668
593884 62.973737716674805
593884 64.00561332702637
593884 71.95639610290527
593869 63.04621696472168
593858 64.04805183410645
593858 63.9948844909668
593815 62.05010414123535
593815 62.006473541259766
593808 63.95387649536133
593796 65.04082679748535
593753 64.0113353729248
593705 64.9874210357666
593665 65.00649452209473
593653 65.9940242767334
593653 66.96271896362305
593596 66.0402774810791
593596 69.95892524719238
593585 70.04332542419434
593585 76.95698738098145
593559 66.99919700622559
593545 67.0008659362793
593545 65.00005722045898
593545 68.00055503845215
593512 68.00055503845215
593512 68.99857521057129
593506 71.01154327392578
593506 69.99993324279785
593506 69.0004825592041
593493 68.9997673034668
593492 69.99945640563965
593492 86.03858947753906
593439 66.00499153137207
593404 65.99688529968262
593388 64.99838829040527
593388 64.62335586547852
593388 65.00411033630371
593388 66.99275970458984
593360 65.00029563903809
593323 64.95928764343262
593277 66.99991226196289
593260 66.99991226196289
593233 67.99983978271484
593233 67.0006275177002
593233 76.0035514831543
593233 74.99885559082031
593233 71.04802131652832
593193 68.95160675048828
593147 68.99738311767578
593136 66.00069999694824
593125 70.00041007995605
593125 57.99984931945801
593114 68.9992904663086
593108 68.00007820129395
593099 66.99991226196289
593071 72.00193405151367
593071 68.9992904663086
593071 60.001373291015625
593026 74.00012016296387
593013 75.00100135803223
593011 71.99883460998535
592997 74.99980926513672
592997 73.00400733947754
592997 72.99590110778809
592997 76.02405548095703
592984 72.00074195861816
592984 67.99960136413574
592984 67.00015068054199
592984 65.99926948547363
592976 68.00079345703125
592968 64.99910354614258
592951 65.99998474121094
592942 69.00215148925781
592932 74.99814033508301
592874 68.00174713134766
592874 66.99776649475098
592874 66.00236892700195
592856 69.99993324279785
592810 74.00083541870117
592773 74.00131225585938
592746 75.01006126403809
592746 71.99978828430176
592746 72.00050354003906
592720 75.52385330200195
592698 73.0133056640625
592698 72.9970932006836
592660 72.99995422363281
592651 72.00074195861816
592651 69.99874114990234
592606 72.00002670288086
592606 63.99941444396973
592606 52.00076103210449
592603 65.04154205322266
592603 64.00132179260254
592603 63.01164627075195
592558 66.04385375976562
592558 64.00108337402344
592527 64.00060653686523
592521 54.33011054992676
592504 64.9566650390625
592504 64.03946876525879
592495 65.00458717346191
592460 65.01293182373047
592439 65.98758697509766
592388 65.99998474121094
592334 65.00053405761719
592334 63.00044059753418
592334 65.99807739257812
592334 82.95845985412598
592322 69.03195381164551
592322 68.00436973571777
592322 72.00026512145996
592322 76.99990272521973
592322 71.99978828430176
592288 73.00066947937012
592241 72.04508781433105
592241 65.95158576965332
592176 67.0003890991211
592176 66.99991226196289
592176 66.00022315979004
592147 65.99903106689453
592147 66.00189208984375
592086 64.99886512756348
592058 66.00046157836914
592058 62.50762939453125
592058 64.99934196472168
592006 64.00084495544434
591958 64.99934196472168
591947 46.00071907043457
591930 63.99989128112793
591914 59.99946594238281
591914 65.04678726196289
591894 63.9955997467041
591852 62.00218200683594
591852 65.00077247619629
591848 63.9948844909668
591792 63.00497055053711
591792 64.95857238769531
591768 70.9996223449707
591746 72.00241088867188
591746 73.02284240722656
591735 70.99795341491699
591724 73.00043106079102
591724 71.99978828430176
591724 72.00098037719727
591708 73.99964332580566
591695 79.00071144104004
591695 69.03219223022461
591666 68.00484657287598
591659 67.00634956359863
591659 105.00288009643555
591659 70.94955444335938
591659 73.03619384765625
591650 70.01161575317383
591595 70.9984302520752
591595 70.95527648925781
591576 86.00234985351562
591558 74.99814033508301
591533 73.04549217224121
591533 70.9991455078125
591514 68.95732879638672
591514 68.04060935974121
591514 70.95837593078613
591514 74.00083541870117
591514 73.99940490722656
591514 73.00186157226562
591514 76.99847221374512
591465 74.01061058044434
591457 67.66223907470703
591457 98.95968437194824
591442 75.00410079956055
591387 80.01017570495605
591311 74.03874397277832
591311 74.99957084655762
591311 72.00121879577637
591310 60.99820137023926
591310 73.00138473510742
591310 71.00415229797363
591310 70.99604606628418
591290 72.0369815826416
591290 78.99975776672363
591288 70.03927230834961
591284 68.99714469909668
591284 68.00127029418945
591277 66.99991226196289
591277 66.99967384338379
591277 69.60034370422363
591277 69.04435157775879
591275 66.99323654174805
591275 68.00079345703125
591275 68.95947456359863
591275 68.04084777832031
591247 69.00358200073242
591247 68.99499893188477
591179 70.96076011657715
591169 70.8303451538086
591169 70.0535774230957
591151 68.90130043029785
591089 68.00007820129395
591003 70.24478912353516
591003 70.7557201385498
591003 69.03386116027832
590992 69.01073455810547
590974 69.99754905700684
590921 68.00436973571777
590911 67.99793243408203
590911 68.95923614501953
590911 69.03862953186035
590898 66.00427627563477
590898 67.9931640625
590898 66.96248054504395
590847 75.0124454498291
590847 76.00092887878418
590788 87.00013160705566
590788 78.48525047302246
590779 73.05788993835449
590754 70.98698616027832
590754 70.00041007995605
590754 69.98968124389648
590734 68.00699234008789
590734 68.00198554992676
590706 70.99390029907227
590706 78.98926734924316
590706 81.97617530822754
590706 81.05182647705078
590700 83.51469039916992
590700 72.03841209411621
590684 69.1077709197998
590680 66.99824333190918
590680 69.000244140625
590679 69.0000057220459
590679 58.99214744567871
590632 70.00565528869629
590600 69.00238990783691
590590 67.95382499694824
590577 68.99547576904297
590572 69.00334358215332
590572 68.04251670837402
590572 68.05300712585449
590534 67.99912452697754
590522 69.95820999145508
590522 70.04499435424805
590522 68.6640739440918
590514 69.99778747558594
590514 50.95696449279785
590468 68.04442405700684
590451 54.0003776550293
590451 70.95932960510254
590451 66.0407543182373
590419 68.00222396850586
590397 67.01231002807617
590387 67.94285774230957
590331 67.0468807220459
590290 66.98822975158691
590290 65.00792503356934
590290 69.95820999145508
590290 73.00090789794922
590290 69.03600692749023
590290 70.00303268432617
590290 72.15690612792969
590290 70.95932960510254
590290 72.0376968383789
590290 73.00496101379395
590271 71.99859619140625
590271 70.00112533569336
590255 68.95828247070312
590173 69.03409957885742
590160 67.00634956359863
590149 68.1602954864502
590134 67.60096549987793
590120 68.00150871276855
590120 64.99838829040527
590120 69.99850273132324
590115 59.95512008666992
590115 81.00080490112305
590115 75.00076293945312
590115 73.99916648864746
590105 74.00083541870117
590082 69.99945640563965
590082 69.99993324279785
590082 68.00007820129395
590082 68.00007820129395
590053 68.9995288848877
590022 78.0024528503418
589966 74.00107383728027
589966 69.99683380126953
589932 67.65484809875488
589929 68.04418563842773
589907 68.99094581604004
589907 71.00510597229004
589906 69.99945640563965
589906 73.00686836242676
589857 67.99912452697754
589833 64.99934196472168
589833 67.00372695922852
589745 66.00093841552734
589733 59.9980354309082
589729 64.00012969970703
589695 64.99648094177246
589689 67.00921058654785
589689 64.00489807128906
589689 64.9871826171875
589689 65.00053405761719
589689 49.12734031677246
589689 62.99281120300293
589684 64.00799751281738
589684 61.994075775146484
589666 64.00489807128906
589666 63.9958381652832
589660 49.00312423706055
589660 63.995361328125
589660 64.00418281555176
589660 62.95180320739746
589660 63.033103942871094
589618 63.16542625427246
589618 64.62717056274414
589601 62.9878044128418
589568 64.00799751281738
589568 64.05305862426758
589545 64.00036811828613
589477 62.99281120300293
589477 63.004255294799805
589429 62.99853324890137
589429 64.00299072265625
589429 63.99822235107422
589406 63.00020217895508
589406 64.01300430297852
589406 62.99757957458496
589338 63.988447189331055
589338 64.9709701538086
589335 63.04359436035156
589322 62.99853324890137
589322 63.99941444396973
589322 65.00124931335449
589256 64.05377388000488
589247 64.98908996582031
589226 65.01078605651855
589226 65.00005722045898
589226 63.99679183959961
589188 65.00363349914551
589187 63.95435333251953
589179 64.04519081115723
589166 62.99734115600586
589160 68.00603866577148
589160 61.9962215423584
589143 64.99814987182617
589143 64.06164169311523
589136 64.00465965270996
589122 64.99361991882324
589107 63.99941444396973
589068 65.00673294067383
589062 65.03748893737793
589062 64.00203704833984
589059 63.99393081665039
589059 68.00317764282227
589051 63.99893760681152
589051 65.00482559204102
589032 64.99552726745605
589032 64.00656700134277
588965 65.0033950805664
588965 63.99345397949219
588957 66.0548210144043
588921 64.99981880187988
588912 66.00117683410645
588912 65.99783897399902
588880 64.0418529510498
588799 64.00012969970703
588799 64.00227546691895
588755 65.00506401062012
588750 65.00387191772461
588739 64.00060653686523
588737 63.99869918823242
588737 50.00710487365723
588706 62.988996505737305
588706 64.00084495544434
588706 62.00814247131348
588674 63.99273872375488
588674 62.99996376037598
588618 65.16194343566895
588618 65.0014877319336
588618 64.9561882019043
588618 65.04130363464355
588618 64.04280662536621
588618 65.00697135925293
588618 64.99862670898438
588605 65.00387191772461
588605 64.99719619750977
588605 63.999176025390625
588596 65.00411033630371
588596 62.95323371887207
588562 64.04280662536621
588562 64.00132179260254
588562 64.05210494995117
588562 64.00489807128906
588559 63.994407653808594
588559 64.99910354614258
588559 65.05990028381348
588533 65.00124931335449
588533 65.05227088928223
588533 64.00012969970703
588525 63.99989128112793
588521 63.99965286254883
588520 63.999176025390625
588511 65.0022029876709
588511 64.00465965270996
588477 63.991546630859375
588477 64.00203704833984
588477 62.99996376037598
588477 62.99734115600586
588464 64.0101432800293
588447 63.999176025390625
588423 65.00077247619629
588423 66.05362892150879
588417 66.99442863464355
588417 66.96128845214844
588417 70.03617286682129
588386 67.9624080657959
588386 74.00250434875488
588351 74.00083541870117
588351 69.03886795043945
588316 71.95806503295898
588298 71.04349136352539
588255 72.67880439758301
588255 73.17852973937988
588253 80.78861236572266
588253 81.04324340820312
588253 73.00114631652832
588253 70.99390029907227
588251 121.9642162322998
588213 115.997314453125
588193 87.00418472290039
588177 85.99328994750977
588177 78.00102233886719
588177 75.99973678588867
588123 77.02374458312988
588112 72.03149795532227
588101 77.00181007385254
588101 84.04350280761719
588101 89.95699882507324
588101 78.99761199951172
588101 87.00346946716309
588101 77.99649238586426
588101 77.0413875579834
588090 74.9971866607666
588090 74.96213912963867
588061 78.00006866455078
588045 79.04696464538574
588045 74.00059700012207
588038 75.10566711425781
588038 71.99978828430176
588020 69.99969482421875
588006 69.99945640563965
588006 69.01979446411133
587999 78.01198959350586
587990 76.98607444763184
587966 84.04254913330078
587966 88.96994590759277
587966 91.0491943359375
587939 140.9456729888916
587939 90.03305435180664
587939 79.00595664978027
587939 76.00665092468262
587930 78.95231246948242
587930 81.99930191040039
587930 79.52380180358887
587930 76.99847221374512
587930 76.99990272521973
587930 78.00078392028809
587929 75.99949836730957
587929 74.99933242797852
587929 75.00076293945312
587906 73.00090789794922
587893 73.00949096679688
587893 73.01139831542969
587887 72.00026512145996
587863 74.03922080993652
587843 68.04490089416504
587774 65.0019645690918
587761 67.00730323791504
587761 65.9952163696289
587761 67.95883178710938
587761 66.99895858764648
587761 68.00031661987305
587761 67.00015068054199
587718 68.9995288848877
587718 67.99983978271484
587711 68.00079345703125
587711 66.99895858764648
587711 68.00150871276855
587708 65.99903106689453
587708 66.99967384338379
587701 68.00055503845215
587701 66.99967384338379
587701 66.00022315979004
587701 66.00022315979004
587701 65.99998474121094
587696 69.99945640563965
587668 67.00015068054199
587650 74.00274276733398
587644 71.00057601928711
587639 72.99971580505371
587630 75.99902153015137
587630 56.03981018066406
587622 67.34299659729004
587607 67.99650192260742
587570 138.9615535736084
587570 167.99592971801758
587565 91.00031852722168
587505 86.99822425842285
587494 81.04181289672852
587487 81.00438117980957
587464 82.99827575683594
587453 80.00040054321289
587453 78.0038833618164
587416 75.95062255859375
587416 79.04911041259766
587416 77.99315452575684
587416 77.95953750610352
587416 75.0424861907959
587416 73.00281524658203
587416 73.99940490722656
587416 72.99923896789551
587404 70.95456123352051
587404 72.00002670288086
587404 70.00207901000977
587394 72.03888893127441
587377 73.00209999084473
587377 73.00996780395508
587377 71.94948196411133
587377 71.04611396789551
587349 71.95019721984863
587307 71.00105285644531
587307 72.04818725585938
587300 69.99349594116211
587300 74.96094703674316
587285 84.02347564697266
587285 84.9766731262207
587267 82.99899101257324
587212 76.0493278503418
587162 78.99141311645508
587143 63.00163269042969
587143 84.00154113769531
587132 78.99785041809082
587094 75.00839233398438
587043 73.00043106079102
587009 73.99821281433105
587009 70.00160217285156
587003 71.99692726135254
586989 76.9963264465332
586937 72.00217247009277
586937 72.00765609741211
586895 74.9504566192627
586868 77.03733444213867
586868 77.96216011047363
586868 75.99902153015137
586839 77.03709602355957
586839 81.96496963500977
586802 78.00412178039551
586789 76.99298858642578
586781 74.00274276733398
586758 73.99654388427734
586758 82.00526237487793
586757 85.03866195678711
586757 86.96103096008301
586749 122.00427055358887
586712 101.99475288391113
586712 102.00858116149902
586700 100.99649429321289
586678 99.00474548339844
586678 105.987548828125
586672 88.00125122070312
586672 96.99845314025879
586621 80.00540733337402
586621 79.0414810180664
586612 79.9565315246582
586603 79.99539375305176
586569 77.00228691101074
586567 72.99995422363281
586555 91.52412414550781
586481 84.0003490447998
586422 82.10301399230957
586415 81.00223541259766
586415 74.00012016296387
586373 75.00028610229492
586373 75.00505447387695
586349 76.00092887878418
586349 74.98979568481445
586349 73.00925254821777
586349 71.99454307556152
586347 71.99907302856445
586347 71.00892066955566
586323 73.00114631652832
586299 84.99860763549805
586299 74.01156425476074
586299 76.00021362304688
586299 76.00140571594238
586299 72.99947738647461
586299 73.99916648864746
586299 80.00063896179199
586270 72.99995422363281
586264 72.9987621307373
586245 73.00114631652832
586245 70.9991455078125
586245 72.00098037719727
586231 73.99892807006836
586231 84.00464057922363
586223 77.03685760498047
586223 76.00808143615723
586223 84.04326438903809
586221 77.00610160827637
586196 73.99177551269531
586183 74.005126953125
586169 74.99432563781738
586167 73.00209999084473
586167 72.00264930725098
586167 71.99859619140625
586138 73.0447769165039
586134 69.95749473571777
586127 80.62052726745605
586115 88.00148963928223
586115 81.99858665466309
586115 79.99920845031738
586115 75.99997520446777
586104 73.00019264221191
586068 72.99995422363281
586068 71.00129127502441
586046 73.99916648864746
585976 74.00035858154297
585937 72.99947738647461
585937 72.0205307006836
585937 69.99993324279785
585916 70.51467895507812
585916 72.00002670288086
585916 68.9997673034668
585916 69.99993324279785
585916 70.00017166137695
585916 66.99967384338379
585916 70.00064849853516
585912 70.00136375427246
585884 69.99754905700684
585884 70.00064849853516
585857 71.00152969360352
585839 68.00031661987305
585839 72.00002670288086
585839 70.00112533569336
585839 67.99864768981934
585826 67.0013427734375
585826 72.03960418701172
585790 71.00033760070801
585786 69.0007209777832
585771 68.06087493896484
585752 68.99738311767578
585733 67.99769401550293
585723 69.00167465209961
585723 66.99991226196289
585723 68.00031661987305
585717 67.0008659362793
585717 65.99998474121094
585717 66.99848175048828
585686 66.96414947509766
585667 66.03789329528809
585667 66.9858455657959
585655 66.01452827453613
585655 66.00189208984375
585655 66.00046157836914
585617 66.99490547180176
585608 66.00189208984375
585608 66.00046157836914
585598 66.01142883300781
585566 65.94276428222656
585566 65.99736213684082
585566 66.00189208984375
585552 66.9550895690918
585552 68.09687614440918
585552 67.97218322753906
585552 50.03714561462402
585552 68.95709037780762
585552 67.04592704772949
585538 67.95263290405273
585515 70.00279426574707
585515 69.05031204223633
585515 69.0007209777832
585509 68.01247596740723
585509 67.99674034118652
585501 64.98980522155762
585497 65.99950790405273
585497 65.9940242767334
585497 69.0150260925293
585497 69.9462890625
585497 69.0462589263916
585448 68.50457191467285
585436 66.98346138000488
585436 67.01326370239258
585435 67.99769401550293
585435 67.99769401550293
585396 67.00491905212402
585393 66.00451469421387
585381 65.99235534667969
585338 64.99600410461426
585338 66.00260734558105
585277 65.99831581115723
585277 66.00189208984375
585277 67.0013427734375
585253 65.99664688110352
585245 63.999176025390625
585245 66.15781784057617
585213 65.98329544067383
585185 66.0085678100586
585183 66.99657440185547
585183 67.0015811920166
585157 65.95873832702637
585157 70.04833221435547
585157 67.99960136413574
585157 67.99912452697754
585126 67.0015811920166
585126 67.9929256439209
585126 68.00317764282227
585123 69.00596618652344
585123 67.99626350402832
585048 68.99738311767578
584994 71.21992111206055
584975 69.99969482421875
584973 68.00007820129395
584973 68.00127029418945
584958 73.04549217224121
584958 66.00165367126465
584946 68.00079345703125
584946 66.01119041442871
584946 65.98925590515137
584932 65.99855422973633
584932 66.00427627563477
584932 65.99068641662598
584877 67.01135635375977
584877 65.99545478820801
584850 65.99950790405273
584850 65.99783897399902
584825 66.99609756469727
584825 67.00301170349121
584807 66.16830825805664
584788 67.0003890991211
584788 65.9952163696289
584781 67.0018196105957
584771 66.17164611816406
584720 64.99958038330078
584720 66.00117683410645
584720 64.99624252319336
584714 66.0097599029541
584698 65.99092483520508
584695 63.9951229095459
584695 69.95916366577148
584654 69.99921798706055
584603 69.99969482421875
584587 66.99967384338379
584587 67.51012802124023
584587 65.99903106689453
584515 67.00015068054199
584515 67.0011043548584
584515 68.00222396850586
584496 75.04010200500488
584496 76.00688934326172
584448 71.99883460998535
584429 67.99769401550293
584390 69.95511054992676
584342 70.04761695861816
584342 69.9930191040039
584342 68.04323196411133
584342 70.00255584716797
584335 68.00127029418945
584301 65.99950790405273
584296 67.01874732971191
584266 69.04387474060059
584218 67.95501708984375
584193 66.99943542480469
584140 68.00174713134766
584110 67.99864768981934
584110 67.99817085266113
584110 65.99855422973633
584084 67.99912452697754
584084 64.99671936035156
584051 69.99778747558594
584001 69.98848915100098
584001 71.96784019470215
583983 75.99687576293945
583983 73.00376892089844
583983 77.99839973449707
583983 76.99966430664062
583983 78.99928092956543
583943 77.00204849243164
583943 72.99613952636719
583928 71.03681564331055
583928 73.00567626953125
583928 72.05510139465332
583925 71.99335098266602
583925 70.05047798156738
583914 71.01178169250488
583914 72.00121879577637
583903 70.99699974060059
583903 69.01168823242188
583887 69.98848915100098
583887 69.99874114990234
583859 70.00136375427246
583837 70.00255584716797
583831 67.99554824829102
583821 71.00105285644531
583821 70.00160217285156
583818 70.00088691711426
583808 69.000244140625
583808 74.95450973510742
583808 76.00021362304688
583808 77.00085639953613
583808 76.80678367614746
583807 54.99863624572754
583803 76.56574249267578
583796 69.95320320129395
583796 71.0456371307373
583771 70.95813751220703
583771 70.04427909851074
583770 69.99802589416504
583770 71.95687294006348
583741 74.04279708862305
583741 86.00473403930664
583741 87.00203895568848
583740 80.99937438964844
583716 89.00165557861328
583712 114.00485038757324
583712 108.04033279418945
583696 73.95648956298828
583694 66.99562072753906
583694 101.00436210632324
583694 99.99752044677734
583677 118.34836006164551
583677 111.68646812438965
583667 102.01716423034668
583587 91.95089340209961
583587 91.05467796325684
583587 92.9405689239502
583587 84.04827117919922
583577 80.99722862243652
583552 80.0018310546875
583552 76.99799537658691
583552 76.00140571594238
583530 74.00226593017578
583530 78.95469665527344
583530 78.99904251098633
583522 79.04362678527832
583522 77.99959182739258
583502 76.99918746948242
583455 73.00019264221191
583447 74.03802871704102
583437 79.99992370605469
583437 74.00083541870117
583437 73.99988174438477
583437 60.00089645385742
583437 72.99923896789551
583437 71.99931144714355
583409 73.00066947937012
583340 71.99907302856445
583330 72.99995422363281
583327 88.02652359008789
583327 70.97315788269043
583294 74.00131225585938
583217 72.52216339111328
583217 71.99954986572266
583192 71.99978828430176
583192 70.9998607635498
583175 70.9991455078125
583175 68.9997673034668
583115 70.00017166137695
583092 71.0000991821289
583092 68.03393363952637
583092 64.00728225708008
583050 66.0402774810791
583000 64.00012969970703
583000 65.00768661499023
583000 63.99893760681152
583000 64.00012969970703
583000 65.05656242370605
582976 64.95380401611328
582967 66.99919700622559
582945 66.00022315979004
582945 66.99967384338379
582945 66.99943542480469
