298644 3937.0858669281006
298624 39.037466049194336
298605 29.003381729125977
298576 28.00130844116211
298576 27.002573013305664
298556 27.99677848815918
298498 29.001235961914062
298498 25.998592376708984
298498 27.00042724609375
298485 29.957294464111328
298462 27.03714370727539
298448 27.9998779296875
298448 27.006864547729492
298445 27.998685836791992
298442 28.055429458618164
298436 27.00185775756836
298436 28.061866760253906
298428 26.988506317138672
298428 27.00662612915039
298420 27.992963790893555
298420 28.000831604003906
298399 27.00018882751465
298399 27.997732162475586
298395 28.000354766845703
298395 27.002334594726562
298373 27.99820899963379
298368 26.999711990356445
298368 28.008460998535156
298359 27.991294860839844
298350 27.996540069580078
298350 26.998043060302734
298350 27.00972557067871
298339 27.997732162475586
298333 28.003215789794922
298333 26.996612548828125
298298 27.9998779296875
298281 26.999711990356445
298265 28.001070022583008
298246 29.00075912475586
298229 26.99756622314453
298208 28.456449508666992
298189 27.60601043701172
298174 27.9996395111084
298166 28.000831604003906
298166 27.997493743896484
298165 27.99510955810547
298165 28.006315231323242
298162 26.999473571777344
298154 28.00154685974121
298154 27.99820899963379
298134 27.275562286376953
298096 27.723312377929688
298096 28.054237365722656
298085 28.012752532958984
298021 27.98914909362793
297978 27.003049850463867
297978 28.99956703186035
297977 27.997255325317383
297977 29.00075912475586
297977 26.999950408935547
297925 28.002023696899414
297919 27.99701690673828
297919 27.000904083251953
297912 28.00154685974121
297912 27.999401092529297
297912 26.998043060302734
297912 28.000354766845703
297912 26.998519897460938
297885 28.00297737121582
297885 27.997970581054688
297885 28.003215789794922
297885 27.998924255371094
297848 27.99701690673828
297848 28.00273895263672
297845 28.997421264648438
297845 28.003692626953125
297806 27.9998779296875
297754 27.99701690673828
297754 27.956724166870117
297754 28.04851531982422
297700 27.998924255371094
297700 27.99057960510254
297691 28.004884719848633
297637 27.9996395111084
297614 28.001785278320312
297603 28.00154685974121
297594 26.99875831604004
297593 27.999162673950195
297593 27.998924255371094
297584 27.00018882751465
297580 28.000354766845703
297580 30.997514724731445
297580 30.00164031982422
297580 28.00154685974121
297567 28.999805450439453
297567 28.00130844116211
297567 26.999711990356445
297566 27.00066566467285
297566 27.999401092529297
297488 28.002262115478516
297488 28.000593185424805
297465 28.00440788269043
297446 27.99534797668457
297441 28.992891311645508
297441 27.004480361938477
297436 28.000593185424805
297435 26.999235153198242
297390 27.004241943359375
297390 26.9925594329834
297363 27.01091766357422
297335 27.000904083251953
297319 27.9996395111084
297312 29.052734375
297234 28.00750732421875
297229 26.993751525878906
297164 28.002262115478516
297164 27.997970581054688
297144 29.000043869018555
297137 26.999235153198242
297137 27.005910873413086
297131 27.995586395263672
297131 28.000831604003906
297131 27.997493743896484
297129 27.001380920410156
297117 27.997970581054688
297117 28.00130844116211
297115 27.00018882751465
297115 27.999401092529297
297115 26.999711990356445
297115 28.00154685974121
297042 27.9998779296875
297024 28.004169464111328
297024 27.995824813842773
297024 24.004220962524414
297024 27.994632720947266
296995 28.002262115478516
296995 28.002023696899414
296991 26.996135711669922
296991 27.9998779296875
296948 26.999235153198242
296948 27.99391746520996
296948 28.00726890563965
296917 27.00066566467285
296915 26.997804641723633
296915 26.998519897460938
296885 27.99844741821289
296885 27.998924255371094
296885 28.009414672851562
296872 29.996156692504883
296872 27.04930305480957
296806 27.996063232421875
296749 27.958393096923828
296749 28.04732322692871
296727 27.99820899963379
296710 26.997804641723633
296710 27.994632720947266
296710 28.006553649902344
296627 26.995420455932617
296622 27.99820899963379
296622 27.055740356445312
296610 28.999805450439453
296555 27.005434036254883
296555 27.993440628051758
296553 28.006315231323242
296538 27.996063232421875
296518 27.000904083251953
296506 28.998613357543945
296470 27.002811431884766
296458 27.99677848815918
296452 28.00607681274414
296414 27.994394302368164
296414 28.006792068481445
296414 27.99248695373535
296414 26.99875831604004
296393 27.001380920410156
296393 27.00066566467285
296393 26.993989944458008
296393 33.95414352416992
296392 27.999401092529297
296389 27.019500732421875
296382 26.980876922607422
296382 26.999711990356445
296377 26.999950408935547
296377 26.999950408935547
296353 28.0001163482666
296353 26.999950408935547
296353 28.000354766845703
296353 26.999950408935547
296353 27.00018882751465
296315 27.00018882751465
296308 26.999711990356445
296308 27.00042724609375
296295 26.99899673461914
296282 27.00018882751465
296282 26.999950408935547
296282 27.00018882751465
296272 26.999950408935547
296272 26.999950408935547
296264 26.999950408935547
296245 26.999950408935547
296245 28.0001163482666
296245 25.999784469604492
296238 27.00018882751465
296226 29.000043869018555
296226 26.000022888183594
296142 28.0001163482666
296142 27.9998779296875
296103 26.999950408935547
296073 26.999950408935547
296073 26.999950408935547
296073 27.00018882751465
296073 28.0001163482666
296062 26.999711990356445
296062 28.0001163482666
296031 26.999950408935547
296019 26.000022888183594
295998 26.999950408935547
295998 27.00042724609375
295942 26.999473571777344
295942 27.9998779296875
295937 26.000022888183594
295925 27.00018882751465
295873 28.000354766845703
295873 27.9996395111084
295786 26.999950408935547
295786 28.000831604003906
295786 25.999069213867188
295781 27.00018882751465
295730 27.00066566467285
295730 26.999473571777344
295730 26.999711990356445
295730 26.999235153198242
295730 27.00042724609375
295719 26.999950408935547
295706 28.0001163482666
295706 25.00009536743164
295700 28.99956703186035
295700 29.000043869018555
295700 32.00078010559082
295700 31.026601791381836
295700 30.0140380859375
295681 33.004045486450195
295675 30.99822998046875
295675 30.03668785095215
295664 28.999805450439453
295635 30.00020980834961
295635 30.002117156982422
295626 29.999256134033203
295610 30.002355575561523
295586 28.995990753173828
295581 30.00044822692871
295557 30.00354766845703
295546 27.997255325317383
295546 29.999256134033203
295546 29.00218963623047
295527 30.997753143310547
295522 29.052257537841797
295492 28.992891311645508
295489 29.007911682128906
295477 29.003381729125977
295447 28.98883819580078
295406 28.986215591430664
295406 29.981613159179688
295395 27.999401092529297
295388 29.053926467895508
295377 28.986692428588867
295357 28.99932861328125
295338 29.99734878540039
295301 29.01434898376465
295292 29.00409698486328
295292 32.958269119262695
295292 28.032779693603516
295292 31.003952026367188
295222 30.963420867919922
295222 28.99956703186035
295222 31.033039093017578
295136 31.969070434570312
295101 38.04421424865723
295101 33.95199775695801
295084 30.048608779907227
295084 32.952308654785156
295084 74.99957084655762
295064 43.02716255187988
295064 31.97479248046875
295064 33.99777412414551
295064 31.03494644165039
295021 29.0067195892334
294994 25.006771087646484
294978 30.002355575561523
294967 29.988765716552734
294929 28.00607681274414
294920 28.99622917175293
294920 29.0071964263916
294920 31.990766525268555
294904 30.003070831298828
294904 30.997276306152344
294904 28.000593185424805
294904 29.2208194732666
294884 31.778573989868164
294884 32.96041488647461
294884 30.00164031982422
294875 30.001163482666016
294875 28.99789810180664
294864 30.00164031982422
294864 31.029224395751953
294864 30.006885528564453
294846 29.996633529663086
294778 30.96747398376465
294778 28.996706008911133
294778 30.039548873901367
294727 30.9598445892334
294683 32.00125694274902
294667 32.036781311035156
294630 31.004667282104492
294590 28.99765968322754
294590 31.003236770629883
294554 32.000064849853516
294532 30.956745147705078
294511 32.00364112854004
294511 30.001163482666016
294511 23.997068405151367
294511 31.999826431274414
294500 32.004594802856445
294489 32.038211822509766
294489 29.994726181030273
294489 28.96285057067871
294479 27.04453468322754
294474 28.994083404541016
294456 28.011322021484375
294456 28.99956703186035
294423 28.988361358642578
294418 29.048442840576172
294397 27.96173095703125
294397 28.08380126953125
294397 29.00075912475586
294397 27.959823608398438
294397 30.045747756958008
294397 31.998395919799805
294372 30.95722198486328
294357 31.009674072265625
294357 32.988786697387695
294347 28.000354766845703
294347 25.99930763244629
294347 29.000043869018555
294306 27.9998779296875
294290 28.0001163482666
294281 28.0001163482666
294268 27.9996395111084
294268 29.00981903076172
294268 27.990341186523438
294230 29.000282287597656
294230 28.00130844116211
294219 28.998851776123047
294166 32.00125694274902
294155 35.00056266784668
294145 31.000137329101562
294111 33.00046920776367
294111 32.999515533447266
294042 31.032085418701172
294042 28.012752532958984
294042 28.998613357543945
294042 28.000831604003906
294033 29.995441436767578
294033 28.997182846069336
293949 29.001474380493164
293899 30.959606170654297
293899 31.03947639465332
293899 30.961275100708008
293852 30.001401901245117
293837 30.036449432373047
293837 29.961109161376953
293837 29.000043869018555
293793 30.998945236206055
293793 29.04677391052246
293793 27.99820899963379
293793 31.003475189208984
293793 30.000925064086914
293788 30.992984771728516
293788 28.00750732421875
293788 28.999805450439453
293788 29.997825622558594
293750 30.004024505615234
293702 28.994321823120117
293661 34.99603271484375
293657 34.96527671813965
293598 35.99667549133301
293593 38.001060485839844
293559 41.00441932678223
293539 38.06447982788086
293539 35.9807014465332
293539 35.96091270446777
293502 33.998727798461914
293478 33.039093017578125
293478 35.039663314819336
293478 33.94269943237305
293478 36.00168228149414
293474 31.99601173400879
293464 35.00509262084961
293458 32.997846603393555
293440 34.018516540527344
293440 35.01701354980469
293434 34.00015830993652
293423 33.000946044921875
293423 33.9968204498291
293423 33.00166130065918
293409 32.999277114868164
293409 32.96208381652832
293409 28.045654296875
293409 29.952049255371094
293390 29.000520706176758
293390 27.9996395111084
293383 29.000520706176758
293341 27.999401092529297
293341 30.004501342773438
293338 43.01595687866211
293325 33.98394584655762
293319 33.00142288208008
293304 35.03680229187012
293289 27.004718780517578
293285 29.067277908325195
293278 29.958724975585938
293278 28.03826332092285
293278 28.001070022583008
293270 33.00309181213379
293257 30.997753143310547
293237 29.993057250976562
293237 29.006004333496094
293210 30.00617027282715
293195 30.956268310546875
293195 32.000064849853516
293195 30.04288673400879
293189 30.001163482666016
293189 26.998281478881836
293189 28.999805450439453
293189 29.006481170654297
293112 29.994964599609375
293085 29.000043869018555
293085 27.9998779296875
293075 28.00726890563965
293045 27.994155883789062
293045 27.9996395111084
292994 27.998924255371094
292992 27.00018882751465
292992 28.000593185424805
292942 28.00297737121582
292942 27.997732162475586
292942 28.00583839416504
292930 27.993440628051758
292930 27.953386306762695
292900 27.04596519470215
292827 28.002262115478516
292827 27.000904083251953
292827 28.052568435668945
292796 28.000593185424805
292709 30.042171478271484
292709 28.99956703186035
292709 29.003381729125977
292699 28.000831604003906
292678 27.9996395111084
292673 27.00066566467285
292627 27.9996395111084
292619 28.000354766845703
292617 28.99909019470215
292617 28.522014617919922
292607 28.00273895263672
292607 27.998685836791992
292549 27.00209617614746
292522 27.997732162475586
292522 28.00130844116211
292462 28.00464630126953
292419 26.9927978515625
292419 27.9998779296875
292412 28.000831604003906
292412 27.998685836791992
292408 28.006792068481445
292408 27.994394302368164
292387 28.00154685974121
292387 28.998613357543945
292363 29.0069580078125
292363 29.991626739501953
292363 28.95498275756836
292331 31.00132942199707
292331 32.038211822509766
292331 28.961658477783203
292311 29.028892517089844
292305 29.00528907775879
292305 29.00552749633789
292305 28.95641326904297
292299 30.99846839904785
292270 28.99932861328125
292248 29.000520706176758
292248 32.00078010559082
292248 34.00015830993652
292227 31.000614166259766
292227 31.000137329101562
292219 26.000022888183594
292198 32.000064849853516
292102 31.000375747680664
292102 32.00078010559082
292102 30.998945236206055
292102 30.99989891052246
292102 30.00044822692871
292097 30.999422073364258
292097 29.999971389770508
292079 31.000137329101562
292079 29.997825622558594
292079 33.002376556396484
292055 31.999826431274414
292055 31.000375747680664
292035 30.999422073364258
292023 30.99799156188965
292023 29.000043869018555
292017 30.00020980834961
292000 29.000043869018555
292000 27.9996395111084
292000 29.000043869018555
292000 29.000520706176758
292000 27.999401092529297
292000 29.000043869018555
291994 28.000354766845703
291994 29.00099754333496
291994 32.99975395202637
291991 31.028270721435547
291991 31.000852584838867
291966 29.999494552612305
291953 29.999732971191406
291953 30.99989891052246
291936 31.000137329101562
291933 29.999971389770508
291933 30.99989891052246
291870 32.02509880065918
291870 29.94680404663086
291858 31.000614166259766
291858 30.999422073364258
291858 30.00020980834961
291858 24.99985694885254
291858 30.99989891052246
291801 31.038999557495117
291801 29.001712799072266
291788 29.000520706176758
291761 28.987407684326172
291760 29.01005744934082
291760 28.9609432220459
291760 29.038667678833008
291760 28.999805450439453
291754 31.962156295776367
291754 32.00054168701172
291718 32.00078010559082
291711 30.0447940826416
291704 31.954050064086914
291704 34.00015830993652
291704 29.997825622558594
291704 31.00132942199707
291692 30.00044822692871
291643 32.518625259399414
291640 30.99799156188965
291640 30.039548873901367
291640 28.999805450439453
291640 28.96285057067871
291633 29.0374755859375
291633 28.000593185424805
291607 29.999732971191406
291589 29.000043869018555
291589 29.999732971191406
291589 29.005050659179688
291589 31.995058059692383
291588 28.967618942260742
291565 31.035423278808594
291514 29.002666473388672
291512 28.95379066467285
291494 29.000282287597656
291482 29.04057502746582
291476 30.999183654785156
291476 28.00893783569336
291459 29.997587203979492
291459 28.99956703186035
291459 27.998685836791992
291445 28.001070022583008
291445 28.002500534057617
291445 28.0001163482666
291445 27.997493743896484
291429 27.999401092529297
291429 28.006315231323242
291429 28.997421264648438
291429 27.999401092529297
291429 27.9998779296875
291429 27.98748016357422
291429 28.010129928588867
291429 29.05750274658203
291429 19.010305404663086
291427 32.03535079956055
291411 29.00242805480957
291411 27.003765106201172
291392 27.997493743896484
291337 29.000043869018555
291333 27.95696258544922
291321 27.044296264648438
291320 27.999401092529297
291320 27.00185775756836
291313 29.0529727935791
291313 28.99646759033203
291313 29.11543846130371
291305 28.999805450439453
291244 28.998851776123047
291244 30.0142765045166
291237 31.980514526367188
291227 30.00020980834961
291227 30.00617027282715
291184 29.995203018188477
291158 32.00364112854004
291142 30.99989891052246
291142 30.001163482666016
291142 28.95498275756836
291132 29.000282287597656
291132 28.999805450439453
291132 29.999971389770508
291123 30.00020980834961
291063 29.999732971191406
291040 31.000137329101562
291040 30.99989891052246
291040 32.044410705566406
291040 27.9996395111084
291022 28.00726890563965
290992 30.039072036743164
290992 27.997970581054688
290992 30.00164031982422
290992 30.994653701782227
290989 29.96039390563965
290974 38.00177574157715
290974 53.00259590148926
290962 41.994333267211914
290950 47.00279235839844
290950 35.99858283996582
290948 54.99839782714844
290948 27.000904083251953
290948 25.998830795288086
290948 29.047012329101562
290948 28.000354766845703
290948 30.998945236206055
290948 31.976938247680664
290907 32.97710418701172
290894 31.000375747680664
290894 24.005889892578125
290891 31.996488571166992
290840 34.03782844543457
290840 34.963369369506836
290838 35.05420684814453
290838 39.977312088012695
290838 36.00573539733887
290805 35.00008583068848
290780 35.00223159790039
290780 35.96067428588867
290780 37.99915313720703
290780 35.003662109375
290780 32.025814056396484
290780 31.967878341674805
290766 31.003475189208984
290762 30.040502548217773
290710 30.99846839904785
290701 28.996944427490234
290701 30.001163482666016
290698 29.96540069580078
290651 29.04057502746582
290651 30.992984771728516
290643 30.001401901245117
290643 29.001235961914062
290643 28.004169464111328
290624 32.953500747680664
290624 29.999971389770508
290624 25.000810623168945
290571 30.001163482666016
290558 29.040813446044922
290558 30.002117156982422
290558 29.000520706176758
290558 28.0001163482666
290558 28.998613357543945
290497 29.00218963623047
290485 29.000282287597656
290473 28.001070022583008
290467 28.99932861328125
290467 29.994487762451172
290442 29.007911682128906
290439 29.000520706176758
290431 29.950857162475586
290424 30.039548873901367
290424 29.96349334716797
290401 30.049562454223633
290393 35.99739074707031
290390 29.001712799072266
290349 37.00065612792969
290316 38.008689880371094
290316 35.02702713012695
290316 43.96343231201172
290240 38.047075271606445
290237 36.99064254760742
290176 35.00032424926758
290162 37.96792030334473
290152 39.0012264251709
290147 36.03506088256836
290120 34.99650955200195
290120 34.96122360229492
290111 37.00590133666992
290079 34.99412536621094
290079 38.991451263427734
290066 35.00032424926758
290055 35.00843048095703
290055 46.976327896118164
290055 70.98150253295898
290055 44.003963470458984
290055 31.0366153717041
290055 29.005765914916992
290055 28.998136520385742
290035 29.958486557006836
289989 29.040098190307617
289989 30.999183654785156
289989 29.989004135131836
289989 33.974647521972656
289988 33.99777412414551
289988 29.9990177154541
289967 30.038833618164062
289945 31.963348388671875
289935 29.999732971191406
289906 30.09176254272461
289859 31.00132942199707
289859 31.04686737060547
289853 28.95951271057129
289853 27.042627334594727
289853 28.002262115478516
289834 27.9996395111084
289834 28.001070022583008
289834 28.998136520385742
289808 21.998882293701172
289801 30.00473976135254
289788 29.99567985534668
289788 30.00020980834961
289777 29.999494552612305
289755 31.034469604492188
289755 31.9216251373291
289742 29.04033660888672
289742 30.959129333496094
289742 28.998851776123047
289692 28.052806854248047
289692 30.95531463623047
289685 30.033349990844727
289685 29.043197631835938
289685 30.000925064086914
289685 29.994964599609375
289685 37.55927085876465
289685 29.955625534057617
289685 29.045820236206055
289666 30.000925064086914
289647 31.993865966796875
289647 28.002262115478516
289647 29.99424934387207
289647 30.00044822692871
289647 28.999805450439453
289647 28.211116790771484
289647 27.975797653198242
289623 29.00099754333496
289622 26.999950408935547
289622 28.000831604003906
289618 26.999711990356445
289618 27.9996395111084
289606 28.001785278320312
289606 27.997732162475586
289606 27.002334594726562
289598 27.99844741821289
289561 28.009414672851562
289493 35.94541549682617
289484 47.000885009765625
289484 50.005435943603516
289477 33.998727798461914
289461 46.99563980102539
289461 32.99999237060547
289461 36.03506088256836
289461 32.96661376953125
289461 33.997297286987305
289461 43.04385185241699
289461 31.958341598510742
289458 34.99937057495117
289458 39.0017032623291
289433 33.000946044921875
289433 28.995990753173828
289433 32.00125694274902
289433 24.000883102416992
289411 30.039548873901367
289411 28.960704803466797
289406 29.04343605041504
289361 28.993844985961914
289361 30.00330924987793
289361 30.997037887573242
289328 30.961275100708008
289328 31.00872039794922
289328 28.035402297973633
289328 30.005931854248047
289301 30.990123748779297
289301 29.962539672851562
289301 28.99789810180664
289273 30.042648315429688
289273 29.00385856628418
289273 30.003070831298828
289273 28.956890106201172
289273 30.05075454711914
289261 29.994726181030273
289261 29.995441436767578
289261 29.999256134033203
289250 29.002666473388672
289250 28.99336814880371
289250 28.95808219909668
289228 30.047178268432617
289228 30.995845794677734
289186 27.997255325317383
289186 29.157161712646484
289186 29.01911735534668
289177 29.9530029296875
289113 30.044078826904297
289070 30.99822998046875
289046 27.997732162475586
289046 28.003454208374023
289045 29.998779296875
289045 29.999494552612305
289040 31.049013137817383
289009 30.051708221435547
289000 29.018878936767578
289000 28.987884521484375
288965 29.999494552612305
288961 31.001567840576172
288953 29.99424934387207
288953 28.958797454833984
288953 28.99622917175293
288946 29.95443344116211
288946 28.999805450439453
288946 29.999732971191406
288940 29.000043869018555
288940 30.00020980834961
288928 27.999401092529297
288922 29.000043869018555
288922 29.999971389770508
288895 29.000282287597656
288883 29.999971389770508
288879 30.000686645507812
288879 29.00075912475586
288879 28.998374938964844
288843 29.000043869018555
288773 29.000520706176758
288773 27.999401092529297
288773 30.00020980834961
288773 30.00020980834961
288773 30.00020980834961
288734 28.99956703186035
288728 29.999732971191406
288728 30.000686645507812
288728 29.999971389770508
288679 28.99956703186035
288679 28.999805450439453
288643 29.999971389770508
288643 28.989315032958984
288643 29.999732971191406
288595 30.000686645507812
288552 32.00364112854004
288522 29.99591827392578
288513 29.000043869018555
288510 27.9998779296875
288510 29.000282287597656
288510 30.999422073364258
288508 30.00044822692871
288496 30.00187873840332
288492 41.001081466674805
288492 33.04028511047363
288479 30.002117156982422
288479 28.955698013305664
288479 30.048131942749023
288479 32.955169677734375
288479 34.00063514709473
288438 31.998395919799805
288438 28.045654296875
288438 29.000282287597656
288437 28.995513916015625
288437 29.004573822021484
288388 28.060197830200195
288382 27.987241744995117
288371 28.00583839416504
288343 29.000520706176758
288343 28.995990753173828
288343 27.99844741821289
288343 27.005434036254883
288343 28.000831604003906
288311 30.954599380493164
288305 33.998727798461914
288305 30.039310455322266
288270 28.002500534057617
288235 28.00297737121582
288228 28.99622917175293
288228 29.00409698486328
288223 30.99989891052246
288223 28.000354766845703
288205 27.99844741821289
288202 28.95641326904297
288193 32.02939033508301
288114 58.99858474731445
288114 35.00986099243164
288111 52.962303161621094
288111 47.005653381347656
288106 53.99465560913086
288106 37.0025634765625
288106 38.00392150878906
288102 49.99375343322754
288102 39.003610610961914
288081 33.00023078918457
288081 49.99899864196777
288081 42.9995059967041
288067 35.00676155090332
288067 57.003021240234375
288067 49.99661445617676
288062 49.99661445617676
288055 38.999080657958984
288053 41.00155830383301
288009 56.01382255554199
288009 74.98931884765625
288006 78.9957046508789
288006 79.00071144104004
288006 72.00098037719727
287976 98.00124168395996
287976 82.99803733825684
287976 73.99797439575195
287976 75.00171661376953
287976 74.00250434875488
287952 59.99422073364258
287921 34.99960899353027
287921 40.00091552734375
287841 31.99934959411621
287828 30.00187873840332
287823 34.99865531921387
287823 29.999494552612305
287794 33.00213813781738
287794 29.997825622558594
287794 29.999732971191406
287794 30.00044822692871
287757 28.99932861328125
287757 28.99956703186035
287757 29.002666473388672
287757 29.9990177154541
287675 30.03859519958496
287633 28.96285057067871
287613 35.99739074707031
287570 27.9996395111084
287569 33.00046920776367
287569 39.00456428527832
287569 44.03281211853027
287569 33.965110778808594
287569 34.00230407714844
287569 39.045095443725586
287549 34.23023223876953
287549 29.722929000854492
287549 29.997825622558594
287549 35.99953651428223
287528 34.00230407714844
287475 23.033618927001953
287462 28.99789810180664
287462 34.96909141540527
287444 30.996322631835938
287435 29.00075912475586
287378 31.00132942199707
287378 28.998613357543945
287378 31.003236770629883
287346 29.996633529663086
287310 34.00015830993652
287237 29.027938842773438
287213 28.973817825317383
287176 45.99738121032715
287176 40.00067710876465
287173 30.000925064086914
287173 29.001235961914062
287173 32.02652931213379
287101 29.009342193603516
287076 30.999422073364258
287066 33.96344184875488
287062 33.95724296569824
287061 29.000520706176758
287061 28.000593185424805
287048 29.001951217651367
287048 38.025856018066406
287024 30.97081184387207
287024 27.9996395111084
286978 33.00070762634277
286972 40.01283645629883
286949 37.98937797546387
286906 25.997400283813477
286906 47.005653381347656
286906 69.99874114990234
286898 80.01494407653809
286898 75.98614692687988
286898 76.99728012084961
286898 54.0006160736084
286898 55.99856376647949
286894 55.99570274353027
286878 59.99922752380371
286878 35.00223159790039
286871 47.00589179992676
286871 32.99593925476074
286871 40.99631309509277
