241 0.9653568267822266
241 0.0
232 0.0
200 0.0
190 0.0
176 0.0
176 0.0
164 0.0
164 0.0
164 0.0
164 0.0
164 0.0
155 0.0
155 0.0
155 0.0
155 0.0
155 0.0
155 0.0
145 0.0
145 0.0
145 0.0
145 0.0
145 0.0
145 0.0
140 0.0
140 0.0
140 0.0
140 1.0280609130859375
120 0.0
120 0.0
120 0.0
120 0.0
120 0.0
105 0.0
105 0.0
105 0.0
105 0.0
105 0.0
102 0.0
84 0.0
84 0.0
84 0.0
84 0.0
84 0.0
84 0.0
84 0.0
84 0.0
84 0.0
84 0.0
82 0.0
82 0.0
82 0.0
82 0.0
82 0.0
71 0.0
64 0.0
64 0.0
64 0.0
64 0.0
64 0.0
64 0.0
64 0.0
64 0.0
64 0.0
64 0.0
64 1.0044574737548828
64 0.0
64 0.0
64 0.0
64 0.0
64 0.0
64 0.0
64 0.0
64 0.0
64 0.0
56 0.0
56 0.0
56 0.0
56 0.0
56 0.0
56 0.0
56 0.0
56 0.0
56 0.0
56 0.0
56 0.0
56 0.0
56 0.0
56 0.0
56 0.0
56 0.0
56 0.0
56 0.0
56 0.0
56 0.0
56 0.0
56 0.0
56 0.0
56 0.0
56 0.0
56 0.0
56 0.0
56 0.0
56 0.0
56 0.0
56 0.9939670562744141
52 0.0
52 0.0
52 0.0
52 0.0
48 0.0
48 0.0
48 0.0
48 0.0
48 0.0
48 0.0
48 0.0
48 0.0
48 0.0
48 0.0
48 0.0
48 0.0
48 0.0
48 0.0
48 0.0
48 0.0
47 0.0
47 0.0
47 0.0
47 0.0
47 0.0
47 0.0
47 0.0
47 0.0
47 0.0
47 0.0
47 0.0
47 0.0
47 0.0
47 0.0
47 0.0
47 0.0
47 0.0
47 0.0
47 0.0
47 0.0
42 1.0020732879638672
42 0.0
42 0.0
42 0.0
42 0.0
42 0.0
40 0.0
40 0.0
40 0.0
39 0.0
39 0.0
39 0.0
39 0.0
39 0.0
39 0.0
39 0.0
39 0.0
39 0.0
39 0.0
39 0.0
39 0.0
39 0.0
39 0.0
39 0.0
39 0.0
39 0.0
39 0.0
39 0.0
39 0.0
39 0.0
39 0.0
39 0.0
39 0.0
39 0.0
39 0.0
39 0.0
39 0.0
39 0.0
39 0.0
39 0.0
39 0.0
39 0.0
39 0.0
39 0.0
39 0.0
39 0.0
39 0.0
39 0.0
39 0.0
39 0.0
36 0.0
36 0.0
36 0.0
36 0.0
36 0.0
36 0.0
36 0.0
36 0.0
36 0.0
36 0.0
36 0.0
36 0.0
36 0.0
36 0.0
36 0.0
36 0.0
36 0.0
36 0.0
36 0.0
36 0.0
36 0.0
36 0.0
36 0.0
36 0.0
36 0.0
33 0.0
33 0.9763240814208984
33 0.0
33 0.0
33 0.0
31 0.0
31 0.0
31 0.0
31 0.0
31 0.0
31 0.0
31 0.0
31 0.0
31 0.0
31 0.0
31 0.0
31 0.0
31 0.0
31 0.0
31 0.0
31 0.0
31 0.0
31 0.0
31 0.0
31 0.0
31 0.0
31 0.0
31 0.0
31 0.0
31 0.0
31 0.0
31 0.0
31 0.0
31 0.0
31 0.0
31 0.0
31 0.0
31 0.0
31 0.0
31 0.0
31 0.0
31 0.9975433349609375
31 0.0
31 0.0
31 0.0
31 0.0
31 0.0
31 0.0
31 0.0
31 0.0
31 0.0
31 0.0
31 0.0
31 0.0
31 0.0
31 0.0
29 0.0
29 0.0
29 0.0
29 0.0
29 0.0
25 0.0
25 0.0
25 0.0
25 0.0
25 0.0
25 0.0
25 0.0
25 0.0
25 0.0
25 0.0
25 0.0
25 0.0
25 0.0
25 0.0
25 0.0
25 0.0
25 0.0
25 0.0
25 0.0
25 0.0
25 0.0
25 0.0
25 0.0
25 1.0313987731933594
25 0.0
25 0.0
25 0.0
24 0.0
24 0.0
24 0.0
24 0.0
24 0.0
24 0.0
24 0.0
24 0.0
24 0.0
24 0.0
24 0.0
24 0.0
24 0.0
24 0.0
24 0.0
24 0.0
24 0.0
24 0.0
24 0.0
24 0.0
24 0.0
24 0.0
24 0.0
24 0.0
24 0.0
24 0.0
24 0.0
24 0.0
24 0.0
24 0.0
24 0.0
24 0.0
24 0.0
24 0.0
24 0.0
24 0.0
24 0.0
24 1.0004043579101562
24 0.0
24 0.0
24 0.0
24 0.0
24 0.0
24 0.0
24 0.0
24 0.0
23 0.0
23 0.0
23 0.0
23 0.0
23 0.0
23 0.0
23 0.0
23 0.0
23 0.0
23 0.0
23 0.0
23 0.0
23 0.0
23 0.0
23 0.0
23 0.0
23 0.0
23 0.0
23 0.0
23 0.0
23 0.0
23 0.0
23 0.0
23 0.0
23 0.0
23 0.0
23 0.0
23 0.0
23 0.0
23 0.0
23 0.0
23 0.0
23 0.0
23 0.9996891021728516
23 0.0
23 0.0
23 0.0
23 0.0
23 0.0
23 0.0
23 0.0
23 0.0
23 0.0
23 0.0
23 0.0
23 0.0
23 0.0
23 0.0
23 0.0
23 0.0
23 0.0
23 0.0
23 0.0
23 0.0
23 0.0
23 0.0
23 0.0
23 0.0
23 0.0
23 0.0
23 0.0
23 0.0
23 0.0
23 0.0
23 0.0
23 0.0
23 0.0
23 0.0
23 0.0
23 0.0
23 0.0
23 0.0
23 0.0
23 0.0
23 0.0
23 0.0
23 0.0
23 0.0
23 0.0
23 0.0
23 0.0
23 0.0
23 0.0
23 0.0
23 0.0
23 0.0
23 0.0
23 0.0
23 0.0
23 0.0
23 0.0
23 0.0
23 0.0
23 0.0
23 0.0
23 0.0
23 0.0
23 0.0
23 0.0
23 0.0
23 0.0
23 0.0
23 0.0
23 0.0
23 0.0
23 0.0
23 0.0
23 0.0
23 0.0
23 0.0
23 0.0
23 0.0
23 0.0
23 0.0
23 0.0
23 0.0
23 0.9973049163818359
23 0.0
23 0.0
23 0.0
23 0.0
23 0.0
23 0.0
23 0.0
23 0.0
23 0.0
23 0.0
23 0.0
23 0.0
23 0.0
23 0.0
23 0.0
23 0.0
23 0.0
23 0.0
23 0.0
23 0.0
23 0.0
23 0.0
23 0.0
23 0.0
23 0.0
22 0.0
22 0.0
22 0.0
22 0.0
22 0.0
22 0.0
22 0.0
22 0.0
22 0.0
22 0.0
22 0.0
22 0.0
22 0.0
22 0.0
22 0.0
22 0.0
22 0.9996891021728516
22 0.0
22 0.0
22 0.0
22 0.0
22 0.0
22 0.0
22 0.0
22 0.0
22 0.0
22 0.0
22 0.0
22 0.0
22 0.0
22 0.0
22 0.0
22 0.0
22 0.0
21 0.0
21 0.0
21 0.0
21 0.0
21 0.0
21 0.0
21 0.0
21 0.0
21 0.0
21 0.0
21 0.0
21 0.0
21 0.0
21 0.0
21 0.0
21 0.0
21 0.0
21 0.0
21 0.0
21 0.0
21 0.0
21 0.0
21 0.0
21 0.0
21 0.0
21 1.001119613647461
21 0.0
21 0.0
21 0.0
21 0.0
21 0.0
21 0.0
21 0.0
21 0.0
21 0.0
21 0.0
21 0.0
21 0.0
21 0.0
21 0.0
21 0.0
21 0.0
21 0.0
21 0.0
21 0.0
21 0.0
21 0.0
21 0.0
21 0.0
21 0.0
21 0.0
21 0.0
21 0.0
21 0.0
21 0.0
21 0.0
21 0.0
21 0.0
21 0.0
21 0.0
21 0.0
21 0.0
21 0.0
21 0.0
21 0.0
21 0.0
21 0.0
21 0.0
21 0.0
21 0.0
21 0.0
21 0.0
21 0.0
21 0.0
20 0.0
20 0.0
20 0.0
20 0.0
20 0.0
19 0.0
19 0.0
19 0.0
19 0.0
19 0.0
19 0.0
19 0.0
19 0.0
19 0.0
19 0.0
19 0.0
19 0.0
19 0.0
19 0.0
19 0.0
19 0.0
19 0.0
19 0.0
19 0.0
19 0.0
19 0.0
19 0.0
19 0.0
19 0.0
19 0.0
19 0.0
19 1.0020732879638672
19 0.0
18 0.0
18 0.0
18 0.0
18 0.0
18 0.0
18 0.0
18 0.0
18 0.0
18 0.0
18 0.0
18 0.0
18 0.0
17 0.0
17 0.0
17 0.0
17 0.0
17 0.0
17 0.0
17 0.0
17 0.0
17 0.0
17 0.0
17 0.0
17 0.0
17 0.0
17 0.0
17 0.0
17 0.0
17 0.0
17 0.0
17 0.0
17 0.0
17 0.0
17 0.0
17 0.0
17 0.0
17 0.0
17 1.0051727294921875
17 0.0
17 0.0
17 0.0
17 0.0
17 0.0
17 0.0
17 0.0
17 0.0
17 0.0
17 0.0
17 0.0
17 0.0
17 0.0
17 0.0
16 0.0
16 0.0
16 0.0
16 0.0
16 0.0
16 0.0
16 0.0
16 0.0
16 0.0
16 0.0
16 0.0
16 0.0
16 0.0
16 0.0
16 0.0
16 0.0
16 0.0
16 0.0
16 0.0
16 0.0
16 0.0
16 0.0
16 0.0
16 0.0
16 0.0
16 0.0
16 0.0
16 0.9999275207519531
16 0.0
16 0.0
16 0.0
16 0.0
16 0.0
16 0.0
16 0.0
16 0.0
16 0.0
16 0.0
16 0.0
16 0.0
16 0.0
16 0.0
16 0.0
16 0.0
16 0.0
16 0.0
16 0.0
16 0.0
16 0.0
16 0.0
16 0.0
16 0.0
16 0.0
16 0.0
16 0.0
16 0.0
16 0.0
16 0.0
16 0.0
16 0.0
16 0.0
16 0.0
16 0.0
16 0.0
16 0.0
16 0.0
16 0.0
16 0.0
16 0.0
16 0.9965896606445312
16 0.0
16 0.0
16 0.0
16 0.0
16 0.0
16 0.0
16 0.0
16 0.0
16 0.0
16 0.0
16 0.0
16 0.0
16 0.0
16 0.0
16 0.0
16 0.0
16 0.0
16 0.0
16 0.0
16 0.0
16 0.0
16 0.0
16 0.0
16 0.0
16 0.0
16 0.0
16 0.0
16 0.0
16 0.0
16 0.0
16 0.0
16 0.0
16 0.0
16 0.0
16 0.0
16 0.0
16 0.0
16 0.0
16 0.0
16 0.0
16 0.0
16 0.0
16 0.0
16 0.0
16 1.0035037994384766
16 0.0
16 0.0
16 0.0
16 0.0
16 0.0
16 0.0
16 0.0
16 0.0
16 0.0
16 0.0
16 0.0
16 0.0
16 0.0
16 0.0
16 0.0
16 0.0
16 0.0
16 0.0
16 0.0
16 0.0
16 0.0
16 0.0
16 0.0
16 0.0
16 0.0
16 0.0
16 0.0
16 0.0
16 0.0
16 0.0
16 0.0
16 0.0
16 0.0
16 0.0
16 0.0
16 0.0
16 0.0
16 0.0
16 0.0
16 0.0
16 0.0
16 0.0
16 0.9965896606445312
16 0.0
16 0.0
16 0.0
16 0.0
16 0.0
16 0.0
16 0.0
16 0.0
16 0.0
16 0.0
16 0.0
16 0.0
16 0.0
16 0.0
16 0.0
16 0.0
16 0.0
16 0.0
16 0.0
16 0.0
16 0.0
16 0.0
16 0.0
16 0.0
16 0.0
16 0.0
16 0.0
16 0.0
16 0.0
16 0.0
16 0.9653568267822266
16 0.0
16 0.0
16 0.0
16 0.0
16 0.0
16 0.0
16 0.0
16 0.0
16 0.0
16 0.0
16 0.0
16 0.0
16 0.0
16 0.0
16 0.0
16 0.0
16 0.0
16 0.0
16 0.0
16 0.0
16 0.0
16 0.0
16 0.0
16 0.0
16 0.0
16 0.0
16 0.0
16 0.0
16 0.0
16 0.0
16 0.0
16 0.0
16 0.0
16 0.0
16 0.0
16 0.0
16 1.0063648223876953
16 0.0
16 0.0
16 0.0
16 0.0
16 0.0
16 0.0
16 0.0
16 0.0
16 0.0
16 0.0
16 0.0
16 0.0
16 0.0
16 0.0
16 0.0
16 0.0
16 0.0
16 0.0
16 0.0
16 0.0
16 0.0
16 0.0
16 0.0
16 0.0
16 0.0
16 0.0
16 0.0
15 0.0
15 0.0
15 0.0
15 0.0
15 0.0
15 0.0
15 0.0
15 0.0
15 0.0
15 0.0
15 0.0
15 0.0
15 0.0
15 0.0
15 0.0
15 0.0
15 0.0
15 0.0
15 0.0
15 0.0
15 0.0
15 0.0
15 0.0
15 0.0
15 0.0
15 0.0
15 0.0
15 0.0
15 0.0
15 0.0
15 0.0
15 0.0
15 0.0
15 0.0
15 0.0
15 0.0
15 0.0
15 0.0
15 0.0
15 0.0
15 0.0
15 1.0025501251220703
15 0.0
15 0.0
15 0.0
15 0.0
15 0.0
15 0.0
15 0.0
15 0.0
15 0.0
15 0.0
15 0.0
15 0.0
15 0.0
15 0.0
15 0.0
15 0.0
