458 0.980377197265625
440 0.0
440 0.0
413 0.0
413 0.0
395 0.0
373 0.0
354 0.0
354 0.0
352 0.0
350 0.0
342 0.0
342 0.0
342 0.0
336 0.0
315 0.0
315 0.9987354278564453
315 0.0
315 0.0
307 0.0
303 0.0
303 0.0
303 0.0
280 0.0
280 0.0
261 0.0
261 0.0
261 0.0
260 0.0
260 0.0
260 0.0
260 0.0
259 0.0
259 0.0
259 0.0
259 0.0
259 0.0
250 0.0
250 0.0
250 0.9996891021728516
248 0.0
239 0.0
239 0.0
239 0.0
239 0.0
239 0.0
239 0.0
239 0.0
239 0.0
239 0.0
239 0.0
237 0.0
237 0.0
237 0.0
237 0.0
237 0.0
229 0.0
206 0.0
206 0.0
206 0.0
206 0.0
206 0.0
206 0.0
206 0.0
197 0.0
197 0.9999275207519531
196 0.0
196 0.0
196 0.0
196 0.0
196 0.0
196 0.0
196 0.0
196 0.0
196 0.0
196 0.0
188 0.0
188 0.0
188 0.0
188 0.0
188 0.0
188 0.0
188 0.0
188 0.0
183 0.0
183 0.0
183 0.0
183 0.0
162 0.0
162 0.0
160 0.9999275207519531
160 0.0
160 0.0
160 0.0
160 0.0
160 0.0
160 0.0
160 0.0
156 0.0
156 0.0
156 0.0
156 0.0
156 0.0
156 0.0
156 0.0
156 0.0
156 0.0
156 0.0
156 0.0
156 0.0
156 0.0
156 0.0
156 0.0
156 0.0
152 0.0
152 0.0
152 0.0
152 0.0
152 0.0
152 0.0
152 0.0
152 0.0
152 0.0
152 0.0
149 0.0
149 0.0
149 0.0
149 0.0
147 0.0
147 0.0
147 0.0
147 0.0
147 0.0
147 0.0
147 0.0
147 0.0
147 0.0
140 0.0
140 0.0
140 0.0
127 0.0
127 0.0
127 0.0
127 0.0
127 0.0
127 0.0
127 0.0
125 0.0
125 0.0
123 0.0
123 0.0
123 0.0
123 0.0
123 0.0
116 0.0
116 0.0
114 0.0
114 0.0
114 0.0
114 0.0
114 0.0
114 0.0
114 0.0
114 0.0
114 0.0
114 0.0
114 0.0
114 0.0
114 0.0
114 0.0
114 0.0
114 0.0
114 0.0
114 0.0
114 0.0
114 0.0
114 0.0
114 0.0
114 0.0
114 0.0
114 0.0
114 0.0
114 0.0
114 0.0
114 0.9999275207519531
114 0.0
107 0.0
107 0.0
107 0.0
107 0.0
107 0.0
107 0.0
100 0.0
100 0.0
100 0.0
100 0.0
100 0.0
100 0.0
97 0.0
97 0.0
97 0.0
97 0.0
97 0.0
97 0.0
97 0.0
96 0.0
96 0.0
96 0.0
96 0.0
96 0.0
96 0.0
96 0.0
96 0.0
96 0.0
96 0.0
96 0.0
95 0.0
95 0.0
95 0.0
95 0.0
95 0.0
95 0.0
95 0.0
95 0.0
95 0.0
95 0.0
91 0.0
91 0.0
87 0.0
87 0.0
87 0.0
87 0.0
87 0.0
87 1.0001659393310547
87 0.0
87 0.0
87 0.0
87 0.0
87 0.0
87 0.0
87 0.0
87 0.0
86 0.0
86 0.0
86 0.0
82 0.0
80 0.0
80 0.0
80 0.0
80 0.0
80 0.0
80 0.0
80 0.0
80 0.0
80 0.0
80 0.0
80 0.0
80 0.9999275207519531
80 0.0
80 0.0
80 0.0
80 0.0
76 0.0
76 0.0
76 0.0
76 0.0
76 0.0
76 0.0
76 0.0
76 0.0
76 0.0
76 0.0
76 0.0
76 0.0
76 0.0
76 0.0
75 0.0
75 0.0
75 0.0
75 0.0
75 0.0
75 0.0
75 0.9999275207519531
75 0.0
75 0.0
75 0.0
75 0.0
75 0.0
75 0.0
75 0.0
75 0.0
75 0.0
75 0.0
72 0.0
72 0.0
72 0.0
72 0.0
72 0.0
72 0.0
72 0.0
72 0.0
72 0.0
72 0.0
72 0.0
72 0.0
72 0.0
72 0.0
72 0.0
72 0.0
72 0.0
72 0.0
72 0.0
72 0.0
72 0.0
70 0.0
70 0.0
70 0.0
70 0.0
70 0.0
70 0.0
70 0.0
70 0.0
70 0.0
70 0.0
70 0.0
70 0.0
70 0.0
70 0.0
70 0.0
70 0.0
70 0.0
70 0.0
70 0.0
70 0.0
70 0.0
70 0.0
70 0.0
70 0.0
70 0.0
70 0.0
70 0.0
70 0.0
70 0.0
70 0.0
70 0.0
70 0.0
70 0.0
70 0.0
70 0.0
70 0.0
70 0.0
70 0.0
70 0.0
70 0.0
70 0.9999275207519531
70 0.0
70 0.0
70 0.0
70 0.0
70 0.0
68 0.0
68 0.0
68 0.0
68 0.0
68 0.0
68 0.0
68 0.0
68 0.0
68 0.0
68 0.0
68 0.0
68 0.0
68 0.0
68 0.0
68 0.0
68 0.0
68 0.0
68 0.0
68 0.0
68 1.0001659393310547
68 0.0
68 0.0
68 0.0
68 0.0
68 0.0
68 0.0
68 0.0
68 0.0
68 0.0
68 0.0
68 0.0
68 0.0
68 0.0
68 0.0
68 0.0
68 0.0
68 0.0
68 0.0
68 0.0
68 0.0
68 0.0
68 0.0
68 0.0
68 0.9999275207519531
68 0.0
68 0.0
68 0.0
68 0.0
68 0.0
68 0.0
68 0.0
68 0.0
68 0.0
68 0.0
68 0.0
68 0.0
68 0.0
68 0.0
68 0.0
68 0.0
68 0.0
68 0.0
68 0.0
68 0.0
68 0.0
68 0.0
68 0.0
68 0.0
68 0.0
68 0.0
68 0.0
68 0.0
68 0.0
68 0.0
68 0.0
68 0.0
68 0.0
68 0.0
68 0.0
68 0.0
68 0.0
68 0.0
68 0.0
68 0.0
68 0.0
68 0.0
68 0.0
68 0.0
68 0.0
68 0.0
68 0.0
68 0.9999275207519531
68 0.0
68 0.0
68 0.0
68 0.0
68 0.0
68 0.0
66 0.0
66 0.0
66 0.0
66 0.0
66 0.0
65 0.0
65 0.0
65 0.0
65 0.0
65 0.0
65 0.0
65 0.0
65 0.0
65 0.0
65 0.0
65 0.0
65 0.0
65 0.0
65 0.0
65 1.0001659393310547
65 0.0
65 0.0
65 0.0
65 0.0
65 0.0
65 0.0
65 0.0
65 0.0
65 0.0
65 0.0
65 0.0
65 0.0
65 0.0
65 0.0
65 0.0
65 0.0
65 0.0
65 0.0
65 0.0
65 0.0
65 0.0
65 0.0
65 0.0
65 0.9999275207519531
65 0.0
65 0.0
65 0.0
65 0.0
64 0.0
64 0.0
64 0.0
64 0.0
64 0.0
64 0.0
64 0.0
64 0.0
64 0.0
64 0.0
64 0.0
64 0.0
64 0.0
64 0.0
64 0.0
64 0.0
64 0.0
64 0.0
63 0.0
63 0.9999275207519531
63 0.0
62 0.0
62 0.0
62 0.0
62 0.0
62 0.0
62 0.0
62 0.0
62 0.0
62 0.0
62 0.0
62 0.0
62 0.0
62 0.0
61 0.0
61 0.0
61 0.0
61 0.0
61 0.0
61 1.0023117065429688
61 0.0
61 0.0
61 0.0
61 0.0
61 0.0
61 0.0
61 0.0
61 0.0
61 0.0
61 0.0
61 0.0
61 0.0
61 0.0
61 0.0
61 0.0
61 0.0
61 0.0
61 0.0
61 0.0
61 0.9999275207519531
61 0.0
61 0.0
61 0.0
61 0.0
61 0.0
61 0.0
61 0.0
61 0.0
61 0.0
61 0.0
61 0.0
61 0.0
61 0.0
61 0.0
61 0.0
61 0.0
61 0.0
61 0.0
60 0.0
60 0.0
60 0.0
60 0.9996891021728516
60 0.0
60 0.0
60 0.0
60 0.0
60 0.0
60 0.0
60 0.0
60 0.0
60 0.0
60 0.0
60 0.0
60 0.0
60 0.0
60 0.0
60 0.0
60 0.0
60 0.0
60 0.0
60 0.0
60 0.0
60 0.0
60 0.0
60 0.0
60 0.9984970092773438
60 0.0
60 0.0
60 0.0
59 0.0
59 0.0
59 0.0
59 0.0
59 0.0
58 0.0
58 0.0
58 0.0
58 0.0
58 0.0
58 0.0
58 0.0
58 0.0
58 0.0
58 0.0
58 0.0
58 0.0
58 0.0
58 0.0
58 0.9999275207519531
58 0.0
58 0.0
58 0.0
58 0.0
58 0.0
57 0.0
57 0.0
57 0.0
57 0.0
57 0.0
57 0.0
57 0.0
57 0.0
57 0.0
57 0.0
57 0.0
57 0.0
57 0.0
57 0.0
57 0.0
57 0.0
57 0.0
57 0.0
57 0.0
57 0.0
57 0.9999275207519531
57 0.0
57 0.0
57 0.0
57 0.0
57 0.0
57 0.0
57 0.0
57 0.0
57 0.0
57 0.0
57 0.0
57 0.0
55 0.0
55 0.0
55 0.0
55 0.0
55 0.0
54 0.0
54 0.0
54 0.0
54 0.0
54 0.0
54 0.0
54 0.0
54 0.0
54 0.0
54 0.0
54 0.0
54 0.0
54 0.0
54 0.0
54 0.0
54 0.0
54 0.0
54 0.0
54 0.0
54 0.0
54 0.0
54 0.0
54 0.0
54 0.0
54 0.0
54 0.0
54 0.0
54 0.0
54 0.0
54 0.0
54 0.0
54 0.9999275207519531
54 0.0
54 0.0
54 0.0
54 0.0
53 0.0
53 0.0
53 0.0
53 0.0
53 0.0
53 0.0
53 0.0
53 0.0
53 0.0
53 0.0
53 0.0
53 0.0
53 0.0
53 0.0
53 0.0
53 0.0
53 0.0
53 0.0
53 0.0
53 1.0001659393310547
53 0.0
53 0.0
53 0.0
53 0.0
53 0.0
53 0.0
53 0.0
53 0.0
53 0.0
53 0.0
53 0.0
53 0.0
53 0.0
51 0.0
51 0.0
51 0.0
51 0.0
51 0.0
51 0.0
51 0.0
51 0.0
51 0.0
51 0.0
51 0.9999275207519531
51 0.0
51 0.0
51 0.0
51 0.0
51 0.0
51 0.0
51 0.0
51 0.0
51 0.0
51 0.0
51 0.0
51 0.0
51 0.0
51 0.0
51 0.0
51 0.0
51 0.0
51 0.0
51 0.0
51 0.0
51 0.0
51 0.0
51 0.0
51 0.9999275207519531
51 0.0
51 0.0
51 0.0
51 0.0
51 0.0
51 0.0
51 0.0
51 0.0
51 0.0
51 0.0
51 0.0
51 0.0
51 0.0
51 0.0
51 0.0
51 0.0
51 0.0
51 0.0
51 0.0
51 0.0
51 0.0
51 0.0
51 0.0
51 0.0
51 0.0
51 0.0
51 0.0
51 0.0
51 0.0
51 0.0
51 0.0
51 0.0
51 0.0
51 0.0
51 0.0
51 0.0
51 0.0
51 0.0
51 0.0
51 0.0
51 0.0
51 0.0
51 0.0
51 0.0
51 0.0
51 0.0
51 0.0
51 0.0
51 1.0001659393310547
51 0.0
51 0.0
51 0.0
51 0.0
51 0.0
51 0.0
51 0.0
51 0.0
51 0.0
51 0.0
51 0.0
51 0.0
51 0.0
51 0.0
51 0.0
50 0.0
50 0.0
50 0.0
49 0.0
49 0.0
49 0.0
49 0.0
49 0.0
49 0.0
49 0.9999275207519531
49 0.0
49 0.0
49 0.0
49 0.0
49 0.0
49 0.0
49 0.0
49 0.0
49 0.0
49 0.0
49 0.0
48 0.0
48 0.0
48 0.0
48 0.0
48 0.0
48 0.0
47 0.0
47 0.0
47 0.0
47 0.0
47 0.0
47 0.0
47 0.9999275207519531
47 0.0
47 0.0
47 0.0
47 0.0
47 0.0
47 0.0
47 0.0
47 0.0
47 0.0
47 0.0
47 0.0
47 0.0
47 0.0
47 0.0
47 0.0
47 0.0
47 0.0
47 0.0
47 0.0
47 0.0
47 0.0
47 0.0
47 0.0
47 0.0
47 1.0001659393310547
47 0.0
47 0.0
46 0.0
46 0.0
46 0.0
46 0.0
46 0.0
46 0.0
46 0.0
46 0.0
46 0.0
46 0.0
46 0.0
46 0.0
46 0.0
46 0.0
46 0.0
46 0.0
46 0.0
46 0.0
46 0.0
46 1.0013580322265625
46 0.0
46 0.0
46 0.0
46 0.0
46 0.0
46 0.0
46 0.0
46 0.0
46 0.0
46 0.0
46 0.0
46 0.0
46 0.0
46 0.0
46 0.0
46 0.0
46 0.0
46 0.0
44 0.0
42 0.0
39 0.0
39 0.0
39 0.0
39 0.9984970092773438
39 0.0
39 0.0
39 0.0
39 0.0
39 0.0
37 0.0
37 0.0
37 0.0
37 0.0
37 0.0
37 0.0
37 0.0
37 0.0
37 0.0
37 0.0
37 0.0
37 0.0
37 0.0
37 0.0
37 0.0
37 0.0
37 0.0
37 1.0013580322265625
37 0.0
37 0.0
37 0.0
37 0.0
37 0.0
37 0.0
37 0.0
37 0.0
37 0.0
37 0.0
37 0.0
37 0.0
37 0.0
37 0.0
37 0.0
37 0.0
37 0.0
37 0.0
37 0.0
37 0.0
37 0.0
37 0.0
37 0.0
37 0.0
37 0.9989738464355469
37 0.0
37 0.0
