145716 1539.036750793457
145702 20.999908447265625
145684 16.9985294342041
145651 17.000436782836914
145648 13.999462127685547
145606 13.999462127685547
145583 13.00048828125
145554 16.00050926208496
145554 13.998985290527344
145554 14.000177383422852
145541 14.000415802001953
145532 13.99993896484375
145532 13.999462127685547
145482 15.000104904174805
145473 13.99993896484375
145471 17.000436782836914
145471 14.9993896484375
145471 13.00048828125
145420 15.000581741333008
145420 13.99993896484375
145420 14.000415802001953
145409 14.035463333129883
145409 14.006853103637695
145367 15.957355499267578
145367 13.999700546264648
145333 15.000104904174805
145297 14.000415802001953
145265 13.999462127685547
145261 14.000177383422852
145261 15.999794006347656
145261 13.999700546264648
145261 15.000104904174805
145261 13.99993896484375
145241 19.00339126586914
145237 34.999847412109375
145235 36.00311279296875
145214 35.994768142700195
145205 36.004066467285156
145205 35.99977493286133
145195 34.998416900634766
145181 34.999847412109375
145166 29.99711036682129
145153 17.000436782836914
145142 17.001867294311523
145142 27.9998779296875
145142 30.000925064086914
145142 19.999980926513672
145137 17.996549606323242
145131 16.001224517822266
145131 15.99884033203125
145078 14.000654220581055
145059 13.999223709106445
145059 12.999773025512695
145049 13.00048828125
145019 14.000177383422852
145019 13.99993896484375
145019 14.000177383422852
145019 13.999700546264648
145019 14.000177383422852
145014 13.999700546264648
145006 14.000177383422852
144978 13.99993896484375
144957 14.000177383422852
144953 12.999773025512695
144953 15.000581741333008
144943 13.99993896484375
144943 13.99993896484375
144920 14.000415802001953
144920 13.000011444091797
144920 15.001058578491211
144920 14.008283615112305
144920 14.032125473022461
144919 14.000415802001953
144919 13.999700546264648
144878 14.04571533203125
144878 14.000177383422852
144796 14.000415802001953
144796 13.994693756103516
144796 15.005111694335938
144796 15.965700149536133
144773 13.000011444091797
144773 15.001058578491211
144749 13.99850845336914
144715 13.000011444091797
144691 16.000986099243164
144658 14.026641845703125
144624 14.007091522216797
144610 16.992807388305664
144610 13.002157211303711
144584 14.00446891784668
144557 13.999700546264648
144524 15.000343322753906
144524 14.000654220581055
144524 13.999462127685547
144524 13.999462127685547
144517 14.967679977416992
144489 14.996767044067383
144485 14.000177383422852
144485 14.000415802001953
144454 13.999462127685547
144454 13.99993896484375
144445 13.000011444091797
144370 12.999773025512695
144353 15.001058578491211
144353 16.000986099243164
144314 12.99905776977539
144238 14.998912811279297
144238 14.000892639160156
144236 13.999700546264648
144236 13.999700546264648
144220 14.000892639160156
144209 16.002655029296875
144209 15.998601913452148
144188 13.998270034790039
144168 14.002084732055664
144110 13.000249862670898
144110 13.99993896484375
144110 12.999773025512695
144066 14.000415802001953
144066 13.999700546264648
144066 16.01386070251465
144066 13.996124267578125
144066 13.99993896484375
144046 13.000249862670898
144046 15.000343322753906
144039 13.999700546264648
144029 13.999700546264648
144029 13.999700546264648
144029 12.999773025512695
144028 15.000581741333008
144014 12.999534606933594
143966 14.000415802001953
143966 12.999534606933594
143966 15.001058578491211
143966 13.99993896484375
143966 14.999866485595703
143966 15.026330947875977
143899 16.00193977355957
143899 13.999700546264648
143848 12.972354888916016
143848 14.02902603149414
143848 13.99850845336914
143832 14.005661010742188
143832 14.999628067016602
143832 14.001846313476562
143832 16.96491241455078
143832 12.999296188354492
143832 16.005754470825195
143818 16.99542999267578
143816 18.034696578979492
143805 15.969276428222656
143795 14.034271240234375
143795 16.00027084350586
143792 14.961719512939453
143792 15.001535415649414
143792 16.997337341308594
143737 15.029191970825195
143737 18.00680160522461
143708 34.969329833984375
143634 34.99865531921387
143623 30.998706817626953
143574 30.998945236206055
143574 25.001049041748047
143521 28.000354766845703
143521 27.997970581054688
143505 20.000219345092773
143483 16.999244689941406
143483 15.999555587768555
143458 22.99952507019043
143458 13.99993896484375
143415 15.999555587768555
143410 20.999670028686523
143410 21.00992202758789
143384 24.996042251586914
143384 17.03619956970215
143384 15.99574089050293
143384 19.971847534179688
143382 16.991853713989258
143363 21.027565002441406
143363 14.971733093261719
143342 15.001296997070312
143342 18.999099731445312
143336 21.000146865844727
143336 19.00029182434082
143336 15.998601913452148
143336 18.002748489379883
143336 13.999462127685547
143336 16.00193977355957
143326 14.9993896484375
143304 14.9993896484375
143304 20.000219345092773
143282 24.0328311920166
143257 13.967037200927734
143257 17.001628875732422
143257 15.998601913452148
143257 20.002126693725586
143219 14.023542404174805
143219 15.971660614013672
143213 15.035152435302734
143191 14.967203140258789
143191 15.999794006347656
143191 15.032529830932617
143158 15.001058578491211
143147 14.963150024414062
143147 13.999700546264648
143136 15.000343322753906
143136 15.003204345703125
143136 17.00139045715332
143132 14.997005462646484
143132 16.051769256591797
143132 15.990257263183594
143132 14.957189559936523
143127 20.001649856567383
143127 16.998767852783203
143127 17.000436782836914
143118 14.036893844604492
143101 13.965606689453125
143085 14.998435974121094
143085 16.03388786315918
143085 16.002655029296875
143076 15.001296997070312
143076 13.999462127685547
143076 14.003753662109375
143076 14.007568359375
143023 14.954566955566406
143005 16.031980514526367
143005 14.00899887084961
143005 12.953042984008789
142985 17.000913619995117
142985 14.9993896484375
142985 15.001535415649414
142985 15.998363494873047
142985 14.001131057739258
142967 16.999244689941406
142967 13.999223709106445
142967 15.000104904174805
142967 14.000177383422852
142929 12.999773025512695
142929 13.99993896484375
142906 15.03896713256836
142862 12.96091079711914
142845 13.000011444091797
142828 13.000249862670898
142828 14.000177383422852
142828 11.999845504760742
142828 7.999897003173828
142819 12.000083923339844
142772 12.999773025512695
142699 12.000083923339844
142671 13.00048828125
142671 12.999534606933594
142667 12.999773025512695
142664 12.999773025512695
142664 12.000322341918945
142662 13.000249862670898
142624 11.99960708618164
142572 12.000322341918945
142564 14.999866485595703
142560 12.000322341918945
142543 12.999534606933594
142543 11.999845504760742
142519 13.000249862670898
142519 12.000083923339844
142519 13.00048828125
142511 12.01772689819336
142493 12.000560760498047
142493 12.999773025512695
142489 11.999845504760742
142459 13.000011444091797
142459 11.999845504760742
142448 13.00048828125
142448 12.998819351196289
142448 13.000249862670898
142428 13.000249862670898
142428 13.000249862670898
142428 12.999773025512695
142402 13.001203536987305
142385 11.999130249023438
142385 9.999990463256836
142385 12.99905776977539
142363 13.002634048461914
142363 11.99793815612793
142362 12.000083923339844
142362 12.045860290527344
142360 13.002872467041016
142360 12.996435165405273
142317 13.013839721679688
142308 13.98777961730957
142308 12.000322341918945
142308 12.01176643371582
142299 12.98832893371582
142263 12.007474899291992
142263 12.990713119506836
142263 12.001514434814453
142256 12.00103759765625
142256 12.998104095458984
142256 12.001514434814453
142256 10.999679565429688
142239 12.997150421142578
142239 13.009786605834961
142239 12.99595832824707
142187 11.99650764465332
142187 12.999773025512695
142119 12.002706527709961
142119 12.996912002563477
142119 22.960186004638672
142119 20.9963321685791
142111 13.995647430419922
142111 15.005111694335938
142111 15.004873275756836
142111 19.01984214782715
142105 16.970157623291016
142105 14.000177383422852
142105 12.99905776977539
142088 14.999866485595703
142088 25.00128746032715
142061 12.999296188354492
142032 16.002416610717773
141994 14.027595520019531
141994 14.013528823852539
141961 14.959096908569336
141961 14.028787612915039
141952 14.999151229858398
141907 14.001131057739258
141894 13.998985290527344
141894 13.968944549560547
141888 12.999773025512695
141888 13.99993896484375
141888 13.000011444091797
141888 16.002893447875977
141853 13.99850845336914
141853 13.999462127685547
141816 14.000654220581055
141788 23.00286293029785
141788 15.000343322753906
141788 13.994932174682617
141788 14.007329940795898
141788 16.039371490478516
141788 11.997461318969727
141788 13.00048828125
141764 15.027761459350586
141764 14.007568359375
141764 13.005971908569336
141764 13.001203536987305
141759 12.956380844116211
141743 13.052701950073242
141733 11.990785598754883
141719 13.019800186157227
141719 12.008190155029297
141719 12.973546981811523
141695 12.986898422241211
141677 12.004613876342773
141657 13.006925582885742
141657 11.998176574707031
141649 13.000726699829102
141639 12.001276016235352
141603 11.996030807495117
141597 13.013362884521484
141562 12.987852096557617
141562 11.998176574707031
141562 14.003515243530273
141562 11.996984481811523
141562 13.000965118408203
141562 12.003183364868164
141534 11.996030807495117
141484 12.00103759765625
141484 13.010025024414062
141484 11.989593505859375
141466 10.998249053955078
141422 12.000799179077148
141418 12.006759643554688
141418 12.993574142456055
141403 14.001131057739258
141403 12.002229690551758
141403 11.997461318969727
141403 12.994050979614258
141403 13.006210327148438
141387 14.981985092163086
141387 28.973817825317383
141359 14.996528625488281
141359 13.99993896484375
141359 15.001773834228516
141293 13.998270034790039
141293 14.002561569213867
141293 15.003442764282227
141200 13.998746871948242
141164 13.999700546264648
141141 13.999223709106445
141138 14.035463333129883
141138 13.00954818725586
141127 12.997865676879883
141112 12.999773025512695
141045 13.001680374145508
141045 11.997461318969727
141045 12.99905776977539
141045 13.994932174682617
141045 12.006759643554688
141031 15.994071960449219
141031 12.008190155029297
141031 13.994216918945312
141029 12.000799179077148
141029 13.002872467041016
141026 11.99793815612793
141026 12.00103759765625
141026 9.001970291137695
141026 12.000322341918945
141026 14.991521835327148
140990 12.005329132080078
140990 13.00048828125
140970 12.000799179077148
140970 12.99905776977539
140960 12.000322341918945
140938 11.999368667602539
140938 13.00048828125
140895 11.999845504760742
140869 13.000726699829102
140869 12.001991271972656
140863 12.006998062133789
140851 12.993335723876953
140847 13.000726699829102
140847 11.999845504760742
140847 17.998695373535156
140828 13.002395629882812
140827 12.001514434814453
140792 11.996746063232422
140777 13.001441955566406
140777 12.987375259399414
140723 12.014389038085938
140718 11.99650764465332
140718 11.999845504760742
140718 13.003110885620117
140718 11.997699737548828
140718 11.999368667602539
140699 13.000965118408203
140699 11.998653411865234
140682 13.000249862670898
140674 12.001514434814453
140672 11.996030807495117
140672 14.008760452270508
140672 11.99483871459961
140672 13.002157211303711
140656 11.997222900390625
140614 11.99960708618164
140614 13.001680374145508
140614 11.001348495483398
140614 12.999296188354492
140596 14.00613784790039
140564 11.993646621704102
140564 12.997865676879883
140488 12.001752853393555
140470 12.999534606933594
140470 11.012554168701172
140470 12.945175170898438
140452 14.998674392700195
140408 13.002157211303711
140403 13.998270034790039
140392 13.999700546264648
140360 13.02647590637207
140343 14.014959335327148
140343 13.001680374145508
140343 12.994050979614258
140302 13.998031616210938
140301 13.006925582885742
140301 12.001514434814453
140286 12.999534606933594
140286 12.998580932617188
140284 12.000322341918945
140265 11.998414993286133
140265 13.001203536987305
140245 11.997699737548828
140213 11.999368667602539
140213 12.151479721069336
140194 12.001752853393555
140194 13.009071350097656
140194 12.047529220581055
140194 13.00048828125
140194 11.997222900390625
140194 11.99960708618164
140185 12.047529220581055
140185 11.997699737548828
140185 13.000011444091797
140176 12.955904006958008
140176 12.04538345336914
140174 12.997627258300781
140154 12.003183364868164
140114 12.953996658325195
140111 12.04371452331543
140060 12.000560760498047
140045 12.999296188354492
140045 12.000799179077148
140026 12.997865676879883
140026 12.002944946289062
140026 12.000560760498047
140015 13.007164001464844
140015 11.990785598754883
140008 13.000726699829102
140008 13.010025024414062
139997 11.988639831542969
139997 12.999773025512695
139986 12.013912200927734
139986 12.985944747924805
139977 12.000560760498047
139972 12.002706527709961
139972 12.996912002563477
139960 11.999845504760742
139946 11.990070343017578
139946 12.006282806396484
139905 11.998176574707031
139905 11.99960708618164
139886 11.999845504760742
139886 12.00103759765625
139886 11.99960708618164
139876 11.999130249023438
139876 12.000322341918945
139876 11.999845504760742
139876 12.001752853393555
139800 11.998891830444336
139786 13.000011444091797
139786 12.000083923339844
139772 12.000083923339844
139772 5.999088287353516
139761 12.00103759765625
139749 12.005329132080078
139749 11.99793815612793
139748 13.003349304199219
139748 11.999368667602539
139748 11.999130249023438
139737 13.00048828125
139694 12.001276016235352
139694 12.957096099853516
139694 12.042522430419922
139694 11.999130249023438
139677 12.001991271972656
139677 13.956546783447266
139677 15.998125076293945
139659 23.003578186035156
139659 33.99658203125
139659 34.00111198425293
139659 33.99944305419922
139638 34.99865531921387
139599 34.00063514709473
139582 32.999515533447266
139582 23.00119400024414
139582 26.999473571777344
139582 28.99789810180664
139582 18.00084114074707
139582 21.001100540161133
139527 18.001794815063477
139489 16.000747680664062
139489 15.996456146240234
139489 23.99897575378418
139489 14.000177383422852
139489 14.9993896484375
139485 14.000415802001953
139485 12.999534606933594
139477 12.000322341918945
139458 13.000011444091797
139458 10.999679565429688
139458 12.000322341918945
139458 11.99960708618164
139458 11.00015640258789
139458 11.999845504760742
139436 11.00015640258789
139436 10.999679565429688
139436 11.999845504760742
139436 12.000322341918945
139434 11.00015640258789
139411 11.99960708618164
139404 13.00048828125
139382 12.99905776977539
139378 11.000633239746094
139376 12.999534606933594
139367 10.999679565429688
139332 12.040853500366211
139332 12.000083923339844
139315 12.000322341918945
139296 12.000083923339844
139296 12.004852294921875
139296 10.000944137573242
139296 13.000249862670898
139296 12.001276016235352
139296 12.997627258300781
139296 13.00048828125
139296 13.005971908569336
139296 12.99428939819336
139296 12.000799179077148
139296 13.010740280151367
139296 13.988018035888672
139289 14.999151229858398
139230 13.001441955566406
139215 13.999462127685547
139206 13.998746871948242
139206 13.999462127685547
139197 14.000415802001953
139180 13.955116271972656
139162 16.001224517822266
139162 13.038873672485352
139151 14.000892639160156
139151 14.00136947631836
139145 15.016555786132812
139145 14.970779418945312
139104 14.97030258178711
139095 14.000415802001953
139060 13.99993896484375
139060 14.001131057739258
139007 13.998985290527344
139007 14.000177383422852
139007 13.999700546264648
138990 15.000581741333008
138990 12.999296188354492
138984 14.999628067016602
138984 13.000726699829102
138984 15.015602111816406
138957 14.000415802001953
138933 14.551401138305664
138932 12.962818145751953
138932 13.044595718383789
138932 12.953996658325195
138913 14.041423797607422
138901 13.990163803100586
138898 13.009309768676758
138898 13.959646224975586
138880 13.03410530090332
138876 13.013124465942383
138863 14.991521835327148
138850 14.002799987792969
138850 13.997316360473633
138843 14.004230499267578
138804 12.00103759765625
138804 15.00391960144043
138804 12.991666793823242
138792 16.962766647338867
138791 21.001338958740234
138780 16.9980525970459
138745 14.999628067016602
138716 16.000032424926758
138716 15.03753662109375
138716 18.960952758789062
138707 17.99488067626953
138707 29.000282287597656
138690 28.0303955078125
138683 17.971277236938477
138683 8.99815559387207
138683 16.001224517822266
138663 16.000032424926758
138663 16.9980525970459
138655 16.00027084350586
138655 15.03443717956543
138652 16.004562377929688
138652 16.00050926208496
138588 15.001535415649414
138588 15.000343322753906
138588 14.999151229858398
138588 15.012264251708984
138582 14.989852905273438
138582 15.95926284790039
138582 16.016006469726562
138535 15.985965728759766
138505 15.999078750610352
138467 18.007516860961914
138467 19.045352935791016
138454 17.954587936401367
138380 17.992734909057617
138371 16.9980525970459
138349 18.000364303588867
138349 18.001556396484375
138349 15.998363494873047
138333 16.99995994567871
138331 17.000198364257812
138328 15.999794006347656
138305 18.031597137451172
138272 19.966840744018555
138249 21.999597549438477
138249 18.04375648498535
138249 16.612529754638672
138249 16.006946563720703
138249 18.950223922729492
138194 19.04582977294922
138182 23.971080780029297
138137 36.98277473449707
138135 16.998767852783203
138111 20.03169059753418
138045 15.968561172485352
138015 23.00238609313965
137969 14.998674392700195
137969 17.000436782836914
137969 15.999078750610352
137966 17.001628875732422
137966 15.998363494873047
137927 16.997575759887695
137927 14.000177383422852
137891 14.000177383422852
137891 13.999700546264648
137864 13.99993896484375
137834 13.001680374145508
137818 13.998270034790039
137817 13.000011444091797
137794 12.999773025512695
137780 16.000032424926758
137756 13.000726699829102
137756 12.999534606933594
137740 14.999628067016602
137733 16.03841781616211
137733 14.00446891784668
137722 15.001058578491211
137708 14.99795913696289
137708 13.036012649536133
137684 13.9617919921875
137684 13.961315155029297
137684 16.044139862060547
137672 15.955448150634766
137623 15.999794006347656
137586 15.000104904174805
137586 13.002872467041016
137586 14.999866485595703
137586 15.000104904174805
137586 15.000343322753906
137586 14.999628067016602
137586 14.999866485595703
137570 17.999887466430664
137561 16.002178192138672
137561 14.998435974121094
137550 19.095182418823242
137550 17.938613891601562
137515 17.964601516723633
137515 17.00425148010254
137479 18.00680160522461
137479 22.003650665283203
137479 39.01958465576172
137479 25.03490447998047
137479 19.938945770263672
137444 18.02539825439453
137419 17.96436309814453
137419 19.201993942260742
137372 17.838001251220703
137312 17.000675201416016
137281 15.999555587768555
137266 16.96491241455078
137266 16.000032424926758
137266 14.999866485595703
137266 15.999555587768555
137266 15.000343322753906
137266 15.000104904174805
137259 15.000581741333008
137254 15.033245086669922
137254 13.970375061035156
137225 13.998746871948242
137225 15.035152435302734
137225 14.963865280151367
137225 18.000125885009766
137203 16.000032424926758
137203 16.20936393737793
137203 14.788389205932617
137182 15.999794006347656
137182 16.00027084350586
137182 15.000104904174805
137182 16.000032424926758
137182 16.002416610717773
137136 15.999555587768555
137136 17.999887466430664
137136 16.00050926208496
137135 16.000986099243164
137135 15.00558853149414
137135 8.99052619934082
137135 15.000581741333008
137131 14.999866485595703
137130 15.000343322753906
137130 14.999866485595703
137120 16.00193977355957
137106 16.03865623474121
137106 14.983177185058594
137084 13.979434967041016
137082 14.001131057739258
137082 13.016223907470703
137082 14.982461929321289
137082 14.999866485595703
137082 12.999773025512695
137082 12.99905776977539
137071 15.000581741333008
137064 12.999773025512695
137064 15.000104904174805
137064 14.002561569213867
137064 13.998985290527344
137064 13.998270034790039
137064 13.99993896484375
137064 15.000581741333008
137064 15.999317169189453
137064 14.000654220581055
137040 16.01862907409668
137040 18.98193359375
137014 13.03720474243164
137011 15.003204345703125
137011 12.957096099853516
137011 14.008045196533203
137011 12.032032012939453
137011 13.959169387817383
137011 14.040470123291016
137011 12.959957122802734
136989 15.044927597045898
136989 12.999296188354492
136989 13.998270034790039
136988 13.001441955566406
136988 14.000177383422852
136980 14.00136947631836
136980 13.001203536987305
136980 11.955499649047852
136961 13.056039810180664
136932 11.98720932006836
136920 13.00048828125
136887 11.955738067626953
136883 12.045860290527344
136883 11.998414993286133
136876 12.00103759765625
136876 12.000799179077148
136876 11.999368667602539
136852 13.000965118408203
136837 11.999368667602539
136812 11.99793815612793
136812 13.00358772277832
136782 12.999534606933594
136751 12.997627258300781
136725 12.956380844116211
136709 12.042999267578125
136703 12.000322341918945
136698 13.000249862670898
136698 12.000083923339844
136694 12.998580932617188
136694 13.009786605834961
136694 11.991024017333984
136677 12.957096099853516
136677 13.044118881225586
136677 12.00103759765625
136677 12.991666793823242
136666 11.963367462158203
136657 12.037992477416992
136657 13.00811767578125
136657 12.990474700927734
136657 12.003421783447266
136657 11.997461318969727
136616 12.999773025512695
136600 12.00723648071289
136600 12.001514434814453
136600 12.996912002563477
136599 12.00103759765625
136599 11.998653411865234
136576 13.002395629882812
136576 11.998891830444336
136569 13.000011444091797
136569 12.999534606933594
136564 12.00103759765625
136564 12.002229690551758
136556 13.006448745727539
136548 11.99030876159668
136545 12.999296188354492
136545 14.002323150634766
136508 12.001276016235352
136508 11.99650764465332
136508 13.001203536987305
136499 12.982606887817383
136499 13.014793395996094
136471 13.004779815673828
136459 11.996984481811523
136424 11.99197769165039
136398 13.007640838623047
136382 11.999845504760742
136380 11.99960708618164
136364 13.001203536987305
136285 13.000011444091797
136285 11.998891830444336
136273 13.01264762878418
136271 11.987686157226562
136271 14.000177383422852
136271 13.001203536987305
136271 12.012481689453125
136228 11.987686157226562
136228 12.000560760498047
136228 12.993812561035156
136228 12.006282806396484
136228 12.00103759765625
136173 13.000249862670898
136154 11.997699737548828
136154 12.99905776977539
136154 12.001752853393555
136154 12.998580932617188
136154 12.001514434814453
136154 13.150453567504883
136145 11.996984481811523
136130 13.001680374145508
136130 12.99905776977539
136130 13.000249862670898
136069 12.012243270874023
136069 11.99793815612793
136048 11.994600296020508
136032 11.994123458862305
136032 13.007640838623047
136032 12.00413703918457
136006 11.991262435913086
136006 12.996673583984375
135982 12.00246810913086
135954 12.992620468139648
135954 11.999368667602539
135954 12.000799179077148
135939 14.007329940795898
135918 12.99738883972168
135918 13.001203536987305
135918 14.003753662109375
135888 12.010335922241211
135888 11.986255645751953
135863 13.133764266967773
135863 12.032747268676758
135863 12.001752853393555
135860 12.95614242553711
135845 12.036800384521484
135845 13.006210327148438
135818 12.005329132080078
135808 11.950969696044922
135787 13.04769515991211
135763 13.00191879272461
135733 11.997222900390625
135648 12.990951538085938
135636 15.966653823852539
135617 17.000198364257812
135617 13.997793197631836
135601 15.001535415649414
135601 14.046669006347656
135601 12.992143630981445
135601 14.002799987792969
135601 12.995719909667969
135601 15.001773834228516
135601 13.99850845336914
135583 13.962507247924805
135550 13.030290603637695
135542 14.011383056640625
135542 13.996124267578125
135520 14.001131057739258
135520 14.965295791625977
135520 19.00172233581543
135520 15.003681182861328
135520 24.009227752685547
135520 18.98980140686035
135520 27.997970581054688
135520 13.998031616210938
135510 15.00082015991211
135505 16.00050926208496
135437 15.003442764282227
135424 13.998985290527344
135417 15.026092529296875
135417 13.00191879272461
135417 14.00446891784668
135417 13.993263244628906
135417 14.972209930419922
135417 14.03665542602539
135397 14.961957931518555
135397 14.00613784790039
135397 15.408039093017578
135397 19.960641860961914
135363 13.000965118408203
135339 12.999296188354492
135339 13.00048828125
135339 14.000415802001953
135326 14.036178588867188
135326 13.964414596557617
135326 12.045621871948242
135314 12.99738883972168
135314 13.999462127685547
135289 14.000177383422852
135249 12.959480285644531
135240 13.038158416748047
135208 13.001203536987305
135176 13.999223709106445
135154 14.001607894897461
135113 13.998985290527344
135113 12.006998062133789
135113 12.992620468139648
135093 15.962839126586914
135074 15.031814575195312
135039 14.005422592163086
135023 13.000249862670898
135019 16.857624053955078
135010 24.984359741210938
135001 16.058921813964844
135001 12.980461120605469
134982 13.005495071411133
134949 13.998985290527344
134931 13.00048828125
134931 13.990163803100586
134915 13.005256652832031
134885 13.002634048461914
134885 14.001131057739258
134885 12.996912002563477
134885 13.003826141357422
134885 12.99905776977539
134885 13.002872467041016
134885 12.018680572509766
134885 13.977766036987305
134885 13.000249862670898
134858 13.002395629882812
134846 12.999534606933594
134844 12.002706527709961
134844 13.997077941894531
134844 14.998674392700195
