4175 15.005826950073242
4175 0.0
4172 0.9999275207519531
4130 0.0
4130 1.001596450805664
4129 0.0
4122 0.0
4100 1.0044574737548828
4100 0.0
4098 1.008749008178711
4091 0.0
4058 0.0
4058 1.0027885437011719
3993 0.0
3968 0.0
3950 0.9825229644775391
3938 0.0
3938 0.0
3938 0.9980201721191406
3937 0.0
3921 0.0
3921 0.0
3921 1.0001659393310547
3897 0.0
3897 0.0
3888 0.9999275207519531
3888 0.0
3885 0.0
3864 0.0
3864 0.9999275207519531
3864 0.0
3864 0.0
3864 0.9999275207519531
3858 0.0
3858 0.0
3858 0.0
3858 1.0001659393310547
3806 0.0
3806 1.0120868682861328
3769 0.0
3757 0.0
3721 0.9922981262207031
3721 0.0
3714 0.9970664978027344
3714 0.0
3714 0.0
3712 0.0
3712 0.9989738464355469
3712 0.0
3704 0.0
3704 0.9996891021728516
3704 0.0
3704 0.0
3697 1.0178089141845703
3613 0.0
3613 0.9870529174804688
3588 0.0
3584 0.0
3567 1.028299331665039
3544 0.0
3532 0.0
3520 0.9710788726806641
3520 0.0
3496 0.0
3495 0.9970664978027344
3495 0.0
3481 0.0
3481 0.9984970092773438
3481 0.0
3481 0.0
3469 0.0
3469 0.9999275207519531
3469 0.0
3469 0.0
3469 1.0001659393310547
3464 0.0
3464 0.0
3458 0.0
3446 1.0001659393310547
3446 0.0
3446 0.0
3422 0.9999275207519531
3405 0.0
3403 0.0
3403 0.9999275207519531
3403 0.0
3403 1.001119613647461
3399 0.0
3397 0.0
3396 0.99945068359375
3396 0.0
3359 0.0
3359 0.0
3348 1.0039806365966797
3348 0.0
3335 0.0
3335 0.9965896606445312
3335 0.0
3335 0.0
3323 0.0
3323 0.9989738464355469
3323 0.0
3323 0.0
3323 0.9999275207519531
3323 0.0
3282 0.0
3273 1.0001659393310547
3273 0.0
3262 0.0
3262 0.0
3262 1.0151863098144531
3262 0.0
3262 0.0
3259 0.9868144989013672
3259 0.0
3257 0.0
3257 1.0037422180175781
3257 0.0
3241 0.9984970092773438
3241 0.0
3241 0.0
3241 0.0
3241 0.9980201721191406
3221 0.0
3221 0.0
3221 1.0242462158203125
3221 0.0
3218 0.9763240814208984
3215 0.0
3205 0.0
3189 0.9982585906982422
3184 0.0
3184 0.0
3184 0.0
3184 0.9987354278564453
3184 0.0
3184 0.0
3184 1.0006427764892578
3184 0.0
3169 0.0
3169 0.0
3169 0.99945068359375
3169 0.0
3169 0.0
3169 1.0023117065429688
3169 0.0
3169 0.0
3169 1.0077953338623047
3168 0.0
3168 0.0
3154 0.0
3154 0.0
3154 0.0
3154 0.0
3154 0.99945068359375
3115 0.0
3113 0.0
3102 1.0006427764892578
3102 0.0
3097 0.0
3097 1.001596450805664
3097 0.0
3033 0.0
3033 1.0216236114501953
3033 0.0
3033 0.0
3020 0.9858608245849609
3020 0.0
3020 0.0
3018 0.9911060333251953
3009 0.0
3009 0.0
3007 0.0
3000 0.9989738464355469
3000 0.0
3000 0.0
3000 0.9999275207519531
3000 0.0
3000 0.0
3000 1.0001659393310547
3000 0.0
2993 0.0
2993 0.0
2993 0.0
2981 0.9999275207519531
2981 0.0
2981 0.0
2981 0.9999275207519531
2981 0.0
2956 0.0
2956 1.0030269622802734
2950 0.0
2950 0.0
2950 0.9975433349609375
2950 0.0
2939 0.0
2939 0.9996891021728516
2939 0.0
2921 0.0
2921 1.003265380859375
2921 0.0
2921 0.0
2910 1.01470947265625
2910 0.0
2888 0.0
2888 0.9827613830566406
2883 0.0
2883 0.0
2883 0.0
2883 0.99945068359375
2883 0.0
2883 0.0
2883 1.0020732879638672
2883 0.0
2880 0.0
2880 0.9992122650146484
2880 0.0
2880 1.0211467742919922
2874 0.0
2874 0.0
2874 0.9806156158447266
2874 0.0
2874 0.0
2874 0.0
2874 0.0
2865 0.0
2865 0.9984970092773438
2865 0.0
2846 0.0
2846 0.0
2815 0.9999275207519531
2810 0.0
2810 0.0
2810 0.9996891021728516
2810 0.0
2810 0.0
2810 1.0001659393310547
2810 0.0
2810 0.0
2810 1.0018348693847656
2810 0.0
2809 0.0
2809 0.0
2809 0.9982585906982422
2809 0.0
2809 0.0
2809 0.0
2809 0.9999275207519531
2805 0.0
2805 0.0
2805 1.001119613647461
2805 0.0
2805 0.0
2805 1.0037422180175781
2801 0.0
2801 0.0
2801 0.9958744049072266
2801 0.0
2778 0.0
2778 0.0
2762 0.99945068359375
2762 0.0
2762 0.0
2762 0.9999275207519531
2762 0.0
2762 0.0
2762 0.0
2743 0.9999275207519531
2743 0.0
2743 0.0
2743 1.0001659393310547
2720 0.0
2713 0.0
2713 0.0
2713 0.9996891021728516
2711 0.0
2700 0.0
2700 1.0001659393310547
2700 0.0
2681 0.0
2681 0.0
2678 0.9996891021728516
2678 0.0
2678 0.0
2676 1.0004043579101562
2676 0.0
2676 0.0
2676 0.9996891021728516
2676 0.0
2676 0.0
2676 0.0
2676 1.0001659393310547
2676 0.0
2676 1.0006427764892578
2676 0.0
2676 0.0
2671 0.0
2651 0.99945068359375
2651 0.0
2651 0.0
2651 0.9996891021728516
2651 0.0
2651 0.0
2651 0.0
2643 1.0001659393310547
2628 0.0
2628 1.001119613647461
2628 0.0
2628 0.0
2628 0.0
2626 0.9992122650146484
2585 0.0
2585 0.0
2574 0.9999275207519531
2574 0.0
2553 0.0
2553 0.0
2511 0.9999275207519531
2511 0.0
2511 0.0
2511 0.9999275207519531
2505 0.0
2491 0.0
2491 0.0
2491 1.0001659393310547
2474 0.0
2474 0.0
2474 0.9999275207519531
2474 0.0
2456 0.0
2456 0.0
2456 0.9999275207519531
2456 0.0
2456 0.0
2456 0.9999275207519531
2456 0.0
2456 0.0
2456 0.0
2456 0.9999275207519531
2456 0.0
2456 0.0
2456 0.0
2456 0.9999275207519531
2456 0.0
2456 0.0
2456 0.9999275207519531
2445 0.0
2445 0.0
2445 1.001119613647461
2445 0.0
2428 0.0
2420 0.9992122650146484
2409 0.0
2409 0.0
2404 0.0
2401 0.9996891021728516
2401 0.0
2401 0.0
2398 1.0001659393310547
2398 0.0
2398 0.0
2398 0.0
2398 0.9999275207519531
2383 0.0
2381 1.001119613647461
2381 0.0
2381 0.0
2378 0.0
2378 0.9989738464355469
2378 0.0
2378 0.0
2373 0.9999275207519531
2373 0.0
2373 0.0
2373 0.0
2373 0.9999275207519531
2373 0.0
2373 0.0
2373 0.0
2373 1.0001659393310547
2373 0.0
2370 0.0
2358 0.9999275207519531
2358 0.0
2351 0.0
2337 0.0
2317 1.0001659393310547
2313 0.0
2313 0.0
2313 0.9999275207519531
2313 0.0
2304 0.0
2304 0.9999275207519531
2304 0.0
2304 0.0
2304 0.0
2300 0.9999275207519531
2300 0.0
2300 0.0
2300 1.0001659393310547
2300 0.0
2300 0.0
2300 0.9999275207519531
2300 0.0
2300 0.0
2300 0.0
2251 0.9999275207519531
2246 0.0
2246 0.0
2246 0.9999275207519531
2241 0.0
2234 0.0
2234 0.0
2231 0.9999275207519531
2224 0.0
2224 0.0
2224 1.0001659393310547
2223 0.0
2223 0.0
2223 1.0006427764892578
2223 0.0
2223 0.0
2223 0.99945068359375
2223 0.0
2213 0.0
2213 0.0
2213 0.9999275207519531
2213 0.0
2213 0.0
2213 0.9999275207519531
2213 0.0
2213 0.0
2213 0.0
2213 0.9999275207519531
2208 0.0
2208 0.0
2199 0.9999275207519531
2199 0.0
2199 0.0
2199 0.0
2199 1.0004043579101562
2199 0.0
2199 0.0
2199 0.9999275207519531
2199 0.0
2199 0.0
2187 0.0
2147 0.9999275207519531
2136 0.0
2136 0.0
2136 0.0
2136 0.9999275207519531
2136 0.0
2136 0.0
2136 0.9999275207519531
2136 0.0
2136 0.0
2124 1.0001659393310547
2124 0.0
2112 0.0
2098 0.0
2098 0.9999275207519531
2098 0.0
2091 0.0
2091 0.9999275207519531
2091 0.0
2083 0.0
2083 0.0
2074 1.0001659393310547
2071 0.0
2071 0.0
2071 0.9999275207519531
2071 0.0
2069 0.0
2069 0.0
2069 0.9999275207519531
2069 0.0
2069 0.0
2069 1.0008811950683594
2069 0.0
2059 0.0
2059 0.9992122650146484
2059 0.0
2059 0.0
2059 0.0
2059 0.9999275207519531
2059 0.0
2041 0.0
2041 1.0001659393310547
2035 0.0
2035 0.0
2035 0.9999275207519531
2035 0.0
2035 0.0
2035 0.0
2035 0.9999275207519531
2035 0.0
2035 0.0
2035 0.9999275207519531
2035 0.0
2035 0.0
2035 0.0
2035 0.9999275207519531
2035 0.0
2035 0.0
2035 1.0001659393310547
1989 0.0
1989 0.0
1989 1.0001659393310547
1989 0.0
1989 0.0
1978 0.0
1978 1.0001659393310547
1978 0.0
1976 0.0
1969 0.9996891021728516
1969 0.0
1969 0.0
1969 0.0
1969 0.9999275207519531
1969 0.0
1969 0.0
1969 1.0001659393310547
1969 0.0
1969 0.0
1969 0.0
1969 0.9999275207519531
1969 0.0
1969 0.0
1961 0.9999275207519531
1961 0.0
1954 0.0
1954 0.0
1954 0.9999275207519531
1954 0.0
1954 0.0
1954 1.0006427764892578
1944 0.0
1944 0.0
1944 0.99945068359375
1935 0.0
1935 0.0
1935 0.0
1922 0.9999275207519531
1922 0.0
1918 0.0
1918 0.9999275207519531
1918 0.0
1918 0.0
1915 0.0
1915 1.0001659393310547
1915 0.0
1913 0.0
1894 0.9996891021728516
1894 0.0
1884 0.0
1884 0.0
1884 1.0004043579101562
1879 0.0
1879 0.0
1879 0.9996891021728516
1879 0.0
1879 0.0
1879 0.0
1879 1.0001659393310547
1879 0.0
1879 0.0
1879 1.0008811950683594
1879 0.0
1879 0.0
1879 0.99945068359375
1879 0.0
1879 0.0
1879 0.0
1879 0.9996891021728516
1877 0.0
1877 0.0
1877 0.0
1873 1.0001659393310547
1870 0.0
1868 0.0
1868 0.9999275207519531
1868 0.0
1847 0.0
1847 0.0
1836 0.9999275207519531
1836 0.0
1836 0.0
1836 0.9999275207519531
1836 0.0
1836 0.0
1836 1.0001659393310547
1834 0.0
1834 0.0
1832 0.0
1822 0.9999275207519531
1822 0.0
1822 0.0
1822 1.0001659393310547
1818 0.0
1818 0.0
1818 0.0
1818 0.9996891021728516
1814 0.0
1813 0.0
1813 1.0001659393310547
1813 0.0
1807 0.0
1807 0.0
1793 0.9999275207519531
1780 0.0
1780 0.0
1780 0.9999275207519531
1767 0.0
1767 0.0
1767 0.0
1767 0.9999275207519531
1765 0.0
1765 0.0
1762 0.0
1762 1.0001659393310547
1762 0.0
1762 1.0001659393310547
1757 0.0
1757 0.0
1757 0.0
1747 0.9999275207519531
1747 0.0
1747 0.0
1740 1.0001659393310547
1740 0.0
1735 0.0
1735 0.0
1735 0.9999275207519531
1735 0.0
1735 0.0
1735 0.9999275207519531
1728 0.0
1728 0.0
1728 0.0
1728 0.9999275207519531
1728 0.0
1728 0.0
1722 1.0001659393310547
1722 0.0
1722 0.0
1709 0.0
1709 0.9996891021728516
1706 0.0
1706 0.0
1706 1.0001659393310547
1705 0.0
1705 0.0
1705 0.9999275207519531
1705 0.0
1705 0.0
1705 0.0
1704 0.9999275207519531
1698 0.0
1698 0.0
1698 0.0
1692 1.0001659393310547
1692 0.0
1692 0.0
1692 0.9999275207519531
1692 0.0
1692 0.0
1692 0.0
1692 0.9999275207519531
1692 0.0
1692 0.0
1692 0.9999275207519531
1686 0.0
1682 0.0
1682 0.0
1682 1.0001659393310547
1682 1.001119613647461
1679 0.0
1679 0.0
1673 0.9992122650146484
1673 0.0
1673 0.0
1673 0.0
1673 0.9989738464355469
1660 0.0
1645 0.0
1645 0.9999275207519531
1645 0.0
1643 0.0
1633 0.0
1633 1.0001659393310547
1633 0.0
1633 0.0
1633 0.9996891021728516
1633 0.0
1629 0.0
1629 0.0
1627 0.0
1616 0.0
1616 0.0
1616 0.9996891021728516
1616 0.0
1616 0.0
1616 1.0004043579101562
1610 0.0
1610 0.0
1610 0.0
1610 1.0008811950683594
1610 0.0
1598 0.0
1598 0.9989738464355469
1598 0.0
1598 0.0
1598 0.0
1598 0.9999275207519531
1598 0.0
1598 0.0
1598 1.0001659393310547
1598 0.0
1598 0.0
1597 0.0
1577 0.9996891021728516
1577 0.0
1577 0.0
1577 1.0001659393310547
1577 0.0
1577 0.0
1577 0.0
1577 0.0
1577 0.0
1574 0.0
1570 1.0001659393310547
1570 0.0
1570 0.0
1570 0.0
1570 0.9999275207519531
1570 0.0
1570 0.0
1565 1.0008811950683594
1565 0.0
1565 0.0
1565 0.9992122650146484
1565 0.0
1565 0.0
1562 0.0
1562 0.9999275207519531
1562 0.0
1562 0.0
1562 0.9996891021728516
1556 0.0
1556 0.0
1556 0.0
1556 1.0001659393310547
1556 0.0
1556 0.0
1556 0.9999275207519531
1556 0.0
1553 0.0
1553 0.9999275207519531
1553 0.0
1546 0.0
1546 0.0
1546 1.0013580322265625
1546 0.0
1546 0.0
1546 0.9992122650146484
1546 0.0
1546 0.0
1544 0.0
1544 0.9996891021728516
1544 0.0
1544 0.0
1544 1.0001659393310547
1544 0.0
1544 0.0
1544 0.0
1544 0.9996891021728516
1544 0.0
1544 0.0
1544 1.0001659393310547
1544 0.0
1544 0.0
1544 0.0
1544 0.9999275207519531
1544 0.0
1544 0.0
1544 1.0027885437011719
1541 0.0
1541 0.0
1541 0.9989738464355469
1541 0.0
1541 0.0
1541 0.0
1541 0.0
1541 0.0
1541 0.9999275207519531
1541 0.0
1538 0.0
1538 0.0
1538 0.0
1538 0.99945068359375
1538 0.0
1534 0.0
1534 0.9996891021728516
1534 0.0
1534 0.0
1534 1.001119613647461
1534 0.0
1534 0.0
1534 0.9989738464355469
1534 0.0
1534 0.0
1534 0.0
1534 0.99945068359375
1534 0.0
1534 0.0
1534 0.9987354278564453
1534 0.0
1534 0.0
1534 1.0020732879638672
1534 0.0
1529 0.0
1529 1.0004043579101562
1529 0.0
1529 0.0
1494 0.9975433349609375
1494 0.0
1494 0.0
1494 1.0001659393310547
1494 0.0
1494 0.0
1494 0.0
1483 1.0001659393310547
1483 0.0
1483 0.0
1483 0.0
1483 0.0
1483 1.0013580322265625
1483 0.0
1478 0.5095005035400391
1470 0.0
1467 0.0
1467 1.0309219360351562
1462 0.0
1462 0.0
1462 0.0
1462 1.0056495666503906
1462 0.0
1462 0.0
1462 0.9958744049072266
1462 0.0
1462 0.0
1462 0.9980201721191406
1456 0.0
1456 0.0
1456 0.0
1452 1.0075569152832031
1452 0.0
1452 0.0
1452 0.9975433349609375
1452 0.0
1452 0.0
1452 1.001596450805664
1452 0.0
1452 0.0
1452 0.9617805480957031
1452 0.0
1452 0.0
1452 1.0383129119873047
1452 0.0
1452 0.0
1452 0.9968280792236328
1452 0.0
1452 0.0
1452 1.0089874267578125
1443 0.0
1443 0.0
1443 0.9944438934326172
1441 0.0
1437 0.0
1437 0.0
1429 0.9968280792236328
1429 0.0
1429 0.0
1429 1.003265380859375
1429 0.0
1421 0.0
1421 0.995635986328125
1421 0.0
1421 0.0
1421 0.9648799896240234
1421 0.0
1421 0.0
1421 1.0395050048828125
1421 0.0
1421 0.0
1421 1.001596450805664
1421 0.0
1421 0.0
1421 0.99945068359375
1421 0.0
1421 0.0
1421 0.9989738464355469
1421 0.0
1421 0.0
1421 0.9999275207519531
1421 0.0
1421 0.0
1421 1.016378402709961
1421 0.0
1421 0.0
1421 0.0
1421 0.9953975677490234
1421 0.0
1420 0.0
1416 0.9872913360595703
1416 0.0
1416 0.0
1416 1.0008811950683594
1416 0.0
1416 0.0
1416 0.0
1416 0.9996891021728516
1416 0.0
1416 0.0
1416 1.0020732879638672
1416 0.0
1416 0.0
1416 0.9980201721191406
1414 0.0
1413 0.0
1413 1.001596450805664
1413 0.0
1413 0.0
1413 0.0
1413 0.9984970092773438
1413 0.0
1413 0.9644031524658203
1413 0.0
1413 0.0
1413 0.9989738464355469
1413 0.0
1413 0.0
1413 0.0
1386 0.9996891021728516
1386 0.0
1386 0.0
1386 0.9999275207519531
1386 0.0
1386 0.0
1377 0.0
1377 1.0004043579101562
1377 0.0
1377 0.0
1377 0.9999275207519531
1377 0.0
1377 0.0
1377 1.0001659393310547
1353 0.0
1353 0.0
1353 1.0001659393310547
1353 0.0
1353 0.0
1353 0.0
1353 0.9999275207519531
1353 0.0
1352 0.0
1352 1.0001659393310547
1352 0.0
1352 0.0
1352 0.9992122650146484
1352 0.0
1352 0.0
1351 0.0
1351 1.032114028930664
1351 0.0
1351 0.0
1351 0.9672641754150391
1351 0.0
1351 0.0
1347 1.0328292846679688
1347 0.0
1343 0.0
1343 1.0001659393310547
1327 0.0
1327 0.0
1327 0.99945068359375
1327 0.0
1327 0.0
1327 1.0013580322265625
1327 0.0
1327 0.0
1327 1.008749008178711
1327 0.0
1327 0.0
1327 0.0
1327 1.0335445404052734
1327 0.0
1327 0.0
1327 1.003265380859375
1327 0.0
