8843 24.003028869628906
8843 0.8420944213867188
8816 0.9815692901611328
8816 0.9965896606445312
8809 0.0
8805 0.9996891021728516
8738 0.0
8716 0.9999275207519531
8716 0.0
8706 0.9999275207519531
8706 0.0
8685 0.9999275207519531
8685 1.0001659393310547
8640 0.0
8625 0.9999275207519531
8611 0.0
8611 0.9999275207519531
8603 0.0
8603 1.0004043579101562
8598 1.001596450805664
8598 0.0
8598 0.9992122650146484
8598 0.0
8537 1.001119613647461
8537 0.9982585906982422
8497 0.0
8490 0.9996891021728516
8490 0.0
8442 0.9999275207519531
8442 1.0006427764892578
8420 0.99945068359375
8420 0.0
8420 0.9999275207519531
8417 0.9999275207519531
8412 1.0004043579101562
8406 0.99945068359375
8391 0.0
8373 0.0
8373 1.0001659393310547
8365 1.0001659393310547
8328 0.0
8323 0.9999275207519531
8267 1.018524169921875
8253 0.0
8253 0.9818077087402344
8253 0.9999275207519531
8253 0.0
8233 0.9996891021728516
8220 0.0
8220 0.9999275207519531
8220 0.0
8220 0.9999275207519531
8219 0.0
8209 1.0001659393310547
8160 0.0
8160 1.0001659393310547
8160 0.9996891021728516
8159 0.0
8159 1.0001659393310547
8159 0.0
8159 0.9999275207519531
8159 0.0
8159 0.9999275207519531
8130 1.0001659393310547
8115 0.0
8114 0.9996891021728516
8108 0.0
8108 1.0001659393310547
8108 0.0
8108 0.9999275207519531
8086 0.9999275207519531
8086 0.0
8086 1.0008811950683594
8086 0.0
8085 0.9992122650146484
8085 0.9999275207519531
8073 0.0
8073 0.9999275207519531
8073 0.0
8055 1.0004043579101562
8038 0.0
8038 0.9999275207519531
8018 0.0
8018 0.9999275207519531
8018 1.0001659393310547
7995 0.0
7957 1.0008811950683594
7957 0.0
7957 0.9989738464355469
7911 0.0
7905 0.9999275207519531
7904 1.0001659393310547
7904 0.0
7903 1.0006427764892578
7903 0.0
7903 0.9999275207519531
7903 0.9999275207519531
7895 1.0094642639160156
7895 0.0
7895 0.9911060333251953
7895 0.0
7875 0.9987354278564453
7867 1.0001659393310547
7867 0.0
7867 0.9996891021728516
7815 0.0
7811 0.9999275207519531
7770 0.0
7770 1.0001659393310547
7770 1.0001659393310547
7761 0.0
7753 0.9999275207519531
7745 0.0
7745 0.9999275207519531
7700 0.0
7672 1.0004043579101562
7672 0.0
7672 0.9996891021728516
7672 0.9999275207519531
7672 0.0
7672 0.9999275207519531
7672 0.0
7672 0.9999275207519531
7672 1.0004043579101562
7672 0.0
7672 0.9996891021728516
7657 0.0
7651 0.9999275207519531
7651 0.0
7644 1.0001659393310547
7628 1.0001659393310547
7605 0.0
7605 0.0
7596 0.9996891021728516
7591 1.0001659393310547
7584 0.0
7584 0.9999275207519531
7573 0.0
7573 0.9999275207519531
7520 0.0
7520 0.9999275207519531
7520 0.0
7520 0.9999275207519531
7520 0.9999275207519531
7515 0.0
7515 1.0004043579101562
7515 0.0
7515 0.9999275207519531
7452 0.0
7452 0.9999275207519531
7416 0.0
7396 1.2202262878417969
7396 0.7798671722412109
7396 0.0
7396 0.9999275207519531
7347 1.0004043579101562
7342 0.0
7333 0.9996891021728516
7329 0.0
7326 0.9999275207519531
7320 0.0
7267 0.9999275207519531
7267 0.0
7263 0.9999275207519531
7263 1.0001659393310547
7263 0.0
7253 0.9999275207519531
7253 0.0
7252 0.9999275207519531
7252 0.0
7252 0.9999275207519531
7251 0.0
7251 1.0001659393310547
7251 0.0
7251 0.9999275207519531
7251 0.0
7251 1.0001659393310547
7250 0.9999275207519531
7250 0.0
7245 1.0001659393310547
7242 0.0
7242 1.0001659393310547
7227 0.0
7227 0.9996891021728516
7218 1.0001659393310547
7218 0.0
7218 0.9999275207519531
7218 0.0
7217 0.9999275207519531
7183 0.0
7183 0.9999275207519531
7183 1.0001659393310547
7183 0.0
7170 0.9999275207519531
7170 0.0
7161 0.9999275207519531
7136 0.0
7119 0.9999275207519531
7104 0.0
7103 0.9999275207519531
7103 0.9999275207519531
7103 0.0
7098 1.0001659393310547
7087 0.0
7087 1.0001659393310547
7067 0.0
7067 0.9996891021728516
7041 0.0
7041 1.0004043579101562
7030 1.0006427764892578
7030 0.0
7030 0.99945068359375
7030 0.0
7030 0.9996891021728516
7030 1.0001659393310547
7030 0.0
6993 0.9999275207519531
6993 0.0
6993 0.9999275207519531
6993 0.9999275207519531
6987 0.0
6959 0.9999275207519531
6959 0.0
6959 1.0001659393310547
6929 0.0
6926 1.0001659393310547
6896 0.0
6877 0.9996891021728516
6843 0.9999275207519531
6843 0.0
6843 1.0001659393310547
6843 0.0
6843 1.0001659393310547
6820 0.0
6820 0.9999275207519531
6820 0.0
6814 0.9999275207519531
6811 0.9999275207519531
6811 0.0
6811 0.9999275207519531
6811 0.0
6799 0.9999275207519531
6769 1.0004043579101562
6769 0.0
6769 0.9999275207519531
6724 0.0
6724 0.9999275207519531
6707 0.0
6687 0.9999275207519531
6644 1.0001659393310547
6640 0.0
6640 0.0
6633 0.9999275207519531
6629 1.0001659393310547
6620 0.0
6615 0.9996891021728516
6615 0.0
6592 1.0001659393310547
6591 0.0
6591 0.9999275207519531
6582 0.0
6573 0.9999275207519531
6573 0.9999275207519531
6573 0.0
6564 0.9999275207519531
6558 0.0
6558 1.0001659393310547
6532 0.0
6509 0.9999275207519531
6509 1.0001659393310547
6509 0.0
6509 0.9999275207519531
6509 0.0
6503 0.9999275207519531
6486 0.0
6486 1.0001659393310547
6424 0.0
6401 1.0001659393310547
6401 0.0
6376 0.9999275207519531
6376 0.9999275207519531
6376 0.0
6376 0.9999275207519531
6376 0.0
6376 0.9999275207519531
6376 0.0
6361 1.0001659393310547
6349 0.0
6349 0.9999275207519531
6349 0.9999275207519531
6349 0.0
6299 1.0001659393310547
6299 0.0
6299 1.194000244140625
6291 0.8063316345214844
6291 0.0
6279 0.9996891021728516
6279 0.9999275207519531
6248 0.0
6248 0.9999275207519531
6248 0.0
6248 0.9999275207519531
6248 1.0001659393310547
6220 0.0
6220 1.0001659393310547
6220 0.0
6219 0.9999275207519531
6199 0.0
6199 0.9999275207519531
6199 0.0
6199 1.0001659393310547
6196 0.9996891021728516
6191 0.0
6191 1.0001659393310547
6174 0.0
6174 0.9999275207519531
6168 0.0
6158 0.9999275207519531
6122 1.0001659393310547
6122 0.0
6122 0.9999275207519531
6114 0.0
6079 0.9999275207519531
6046 0.9999275207519531
6026 0.0
6016 0.9999275207519531
6014 0.0
6014 0.9999275207519531
6014 0.0
6012 1.0001659393310547
6010 0.9999275207519531
6010 0.0
6009 0.9999275207519531
6008 0.0
6008 1.0001659393310547
6008 0.0
6008 0.9999275207519531
6008 0.0
6006 1.0004043579101562
6006 0.9996891021728516
6006 0.0
6006 0.9999275207519531
6006 0.0
6006 1.0001659393310547
6006 0.0
6006 0.9999275207519531
6005 0.0
5999 0.9999275207519531
5999 1.0001659393310547
5999 0.0
5999 1.0001659393310547
5989 0.0
5978 0.9999275207519531
5978 0.9999275207519531
5977 0.0
5973 0.9999275207519531
5973 0.0
5972 0.9999275207519531
5972 0.0
5964 0.9999275207519531
5964 0.0
5961 1.0001659393310547
5961 0.9999275207519531
5961 0.0
5949 0.9999275207519531
5921 0.0
5921 0.9999275207519531
5921 0.0
5891 0.9999275207519531
5891 1.0001659393310547
5891 0.0
5891 1.0001659393310547
5856 0.0
5856 1.0001659393310547
5856 0.0
5856 0.9996891021728516
5856 1.0001659393310547
5856 0.0
5856 1.0001659393310547
5856 0.0
5856 0.9996891021728516
5856 0.0
5854 0.9999275207519531
5854 1.0001659393310547
5854 0.0
5839 0.9999275207519531
5821 0.0
5808 1.0001659393310547
5782 0.0
5782 1.0170936584472656
5780 0.9827613830566406
5780 0.0
5750 0.9999275207519531
5750 0.0
5750 0.9999275207519531
5750 1.0001659393310547
5736 0.0
5727 0.9999275207519531
5727 0.0
5727 0.9999275207519531
5727 0.0
5727 0.9999275207519531
5712 0.0
5712 0.9999275207519531
5712 1.0004043579101562
5712 1.001119613647461
5712 0.0
5712 0.9989738464355469
5694 0.0
5673 0.9999275207519531
5673 0.0
5668 0.9999275207519531
5657 0.9999275207519531
5657 0.0
5637 0.9999275207519531
5631 0.0
5631 0.9999275207519531
5629 1.0001659393310547
5624 0.0
5624 0.9999275207519531
5624 0.0
5624 1.0001659393310547
5624 0.0
5600 0.9996891021728516
5590 1.0001659393310547
5590 0.0
5590 0.9999275207519531
5590 0.0
5562 1.0001659393310547
5562 0.0
5562 0.9996891021728516
5562 1.0001659393310547
5562 0.0
5551 0.9999275207519531
5551 0.0
5548 0.9999275207519531
5548 0.0
5548 1.0001659393310547
5537 1.0001659393310547
5537 0.0
5537 1.0001659393310547
5537 0.0
5537 0.9999275207519531
5537 0.9996891021728516
5537 0.0
5537 1.0001659393310547
5537 0.0
5532 1.0001659393310547
5532 0.0
5524 0.9999275207519531
5524 0.9999275207519531
5524 0.0
5524 0.9999275207519531
5515 0.0
5509 0.9999275207519531
5509 0.0
5509 1.0001659393310547
5509 0.0
5498 0.9996891021728516
5498 1.0001659393310547
5497 0.0
5476 1.0001659393310547
5476 0.0
5474 0.9996891021728516
5451 0.9999275207519531
5451 0.0
5451 1.0004043579101562
5438 0.0
5438 0.9999275207519531
5427 0.0
5427 0.9999275207519531
5427 0.0
5427 0.9999275207519531
5427 0.0
5421 1.0001659393310547
5421 0.0
5421 1.0099411010742188
5421 0.9901523590087891
5413 0.0
5413 0.9996891021728516
5413 0.0
5406 1.0001659393310547
5406 0.0
5406 0.9999275207519531
5406 1.0001659393310547
5379 0.0
5379 0.9996891021728516
5379 0.0
5363 1.0001659393310547
5363 1.0008811950683594
5302 0.0
5302 1.0001659393310547
5302 0.9987354278564453
5302 0.0
5302 1.0001659393310547
5302 0.0
5302 0.9999275207519531
5302 0.0
5302 0.9999275207519531
5302 1.0004043579101562
5302 0.0
5302 0.9999275207519531
5284 0.0
5284 0.9999275207519531
5283 1.0139942169189453
5283 0.0
5283 0.9860992431640625
5271 0.0
5271 0.9999275207519531
5271 0.0
5271 0.9999275207519531
5271 0.9999275207519531
5267 0.0
5267 0.9999275207519531
5195 0.0
5195 2.0012855529785156
5195 0.0
5195 0.9989738464355469
5195 0.0
5195 0.9996891021728516
5195 0.0
5195 1.0001659393310547
5195 0.9999275207519531
5195 0.0
5195 1.0001659393310547
5195 0.0
5195 0.9996891021728516
5195 0.0
5195 1.0001659393310547
5195 0.0
5186 0.9999275207519531
5186 1.0004043579101562
5186 0.0
5186 1.0008811950683594
5186 0.0
5186 0.9989738464355469
5186 0.9999275207519531
5186 0.0
5179 1.0001659393310547
5179 0.0
5174 0.9996891021728516
5155 1.0001659393310547
5155 0.0
5155 1.001119613647461
5146 0.0
5146 0.9989738464355469
5108 0.9996891021728516
5108 0.0
5108 1.0001659393310547
5103 0.0
5096 1.0001659393310547
5096 0.0
5062 0.9996891021728516
5060 0.9999275207519531
5060 0.0
5060 1.0001659393310547
5055 0.0
5055 0.9999275207519531
5055 0.0
5050 1.0001659393310547
5050 0.0
5050 1.0044574737548828
5050 0.995635986328125
5050 0.0
5050 0.9999275207519531
5050 0.0
5050 0.9999275207519531
5050 0.0
5050 0.9999275207519531
5050 0.9999275207519531
5050 0.0
5050 1.0001659393310547
5050 0.0
5050 0.9999275207519531
5050 0.0
5050 0.9999275207519531
5039 0.0
5039 1.0004043579101562
5031 0.0
5022 0.9996891021728516
4999 1.0001659393310547
4999 0.0
4999 0.9996891021728516
4999 0.0
4973 1.0001659393310547
4973 0.0
4962 0.9999275207519531
4962 0.9999275207519531
4962 0.0
4962 1.0001659393310547
4962 0.0
4962 0.9999275207519531
4962 0.0
4962 0.9999275207519531
4962 1.0004043579101562
4958 0.0
4941 0.9999275207519531
4941 0.0
4941 0.9999275207519531
4941 1.0001659393310547
4934 0.0
4934 0.0
4934 0.9999275207519531
4934 0.9999275207519531
4919 0.0
4918 0.9999275207519531
4918 0.0
4918 0.9999275207519531
4914 0.0
4914 0.9999275207519531
4879 0.9999275207519531
4869 0.0
4869 1.0001659393310547
4869 0.0
4869 0.9999275207519531
4869 0.0
4869 1.0001659393310547
4869 0.0
4840 0.9996891021728516
4840 1.0001659393310547
4820 0.0
4817 0.9999275207519531
4817 0.0
4817 0.9999275207519531
4817 0.9999275207519531
4817 0.0
4817 1.0001659393310547
4804 0.0
4801 1.0004043579101562
4801 0.0
4794 0.9999275207519531
4794 0.0
4789 0.9996891021728516
4789 1.0001659393310547
4789 0.0
4789 0.9999275207519531
4785 0.0
4785 1.0001659393310547
4767 0.0
4767 0.9999275207519531
4765 0.9996891021728516
4765 0.0
4765 1.0001659393310547
4765 0.0
4765 0.9999275207519531
4765 0.0
4763 1.0001659393310547
4749 0.0
4749 0.9999275207519531
4744 0.0
4744 0.9999275207519531
4744 1.0001659393310547
4731 0.0
4731 0.9996891021728516
4731 0.0
4731 1.0001659393310547
4730 0.0
4730 1.0001659393310547
4728 0.0
4723 0.9996891021728516
4723 0.0
4723 0.9999275207519531
4699 1.0004043579101562
4699 0.0
4699 0.9999275207519531
4699 0.0
4699 1.0001659393310547
4699 0.0
4699 0.9999275207519531
4699 0.9999275207519531
4699 0.0
4699 0.9999275207519531
4699 0.0
4688 0.9999275207519531
4680 0.0
4680 0.9999275207519531
4667 1.0001659393310547
4664 0.0
4660 0.9999275207519531
4660 0.0
4642 0.9999275207519531
4642 0.9999275207519531
4642 0.0
4642 1.0001659393310547
4642 0.0
4634 0.9999275207519531
4632 1.0001659393310547
4618 0.0
4618 0.9996891021728516
4616 0.0
4609 1.0001659393310547
4609 0.0
4599 0.9999275207519531
4599 0.9999275207519531
4599 0.0
4599 1.0001659393310547
4594 0.0
4594 1.0001659393310547
4586 0.0
4579 0.9999275207519531
4579 1.0001659393310547
4579 0.0
4579 0.9996891021728516
4579 0.0
4579 1.0001659393310547
4558 0.0
4558 0.9999275207519531
4558 0.0
4558 0.9999275207519531
4558 1.0001659393310547
4541 0.0
4541 0.9999275207519531
4541 1.0001659393310547
4541 0.0
4541 0.9999275207519531
4541 0.0
4541 0.9999275207519531
4541 0.0
4539 0.9999275207519531
4539 0.0
4539 0.9999275207519531
4524 1.0001659393310547
4503 0.0
4478 0.9999275207519531
4478 0.0
4478 0.9999275207519531
4459 0.0
4459 1.0001659393310547
4459 0.9999275207519531
4459 0.0
4459 1.0001659393310547
4452 0.0
4450 0.9999275207519531
4450 0.0
4450 0.9999275207519531
4449 0.9999275207519531
4449 0.0
4449 1.0001659393310547
4449 0.0
4417 0.9999275207519531
4417 1.0004043579101562
4417 0.0
4417 0.99945068359375
4417 0.0
4417 1.0001659393310547
4417 0.9999275207519531
4417 0.0
4417 0.9999275207519531
4417 0.0
4417 0.9999275207519531
4405 0.0
4405 0.9999275207519531
4405 1.0001659393310547
4405 0.0
4405 0.9999275207519531
4405 0.0
4405 1.0004043579101562
4405 0.0
4404 0.99945068359375
4404 1.0004043579101562
4404 0.0
4404 1.0001659393310547
4404 0.0
4404 0.9996891021728516
4404 0.0
4404 0.9999275207519531
4404 1.0001659393310547
4404 0.0
4398 0.9999275207519531
4394 1.0001659393310547
4394 0.0
4394 0.9996891021728516
4394 0.0
4394 1.0001659393310547
4394 0.0
4394 0.9999275207519531
4394 0.9999275207519531
4394 0.0
4394 0.9999275207519531
4394 0.0
4382 0.9999275207519531
4382 0.0
4382 1.0001659393310547
4382 0.9999275207519531
4379 0.0
4379 1.0001659393310547
4379 0.0
4379 0.9999275207519531
4379 0.0
4379 0.9999275207519531
4379 1.0006427764892578
4379 0.0
4379 0.9996891021728516
4379 0.0
4379 0.9999275207519531
4379 0.9999275207519531
4379 0.0
4379 0.9999275207519531
4371 0.0
4371 0.9999275207519531
4371 0.0
4371 1.0001659393310547
4371 0.9999275207519531
4363 0.0
4363 1.0001659393310547
4363 0.0
4363 0.9996891021728516
4363 1.0001659393310547
4363 0.0
4363 0.9999275207519531
4363 0.0
4363 0.9999275207519531
4363 0.0
4360 1.0001659393310547
4360 0.0
4355 0.9996891021728516
4355 0.0
4352 1.0001659393310547
4352 0.0
4352 0.9999275207519531
4352 0.9999275207519531
4343 0.0
4337 1.0004043579101562
4334 1.0001659393310547
4334 0.0
4334 0.9999275207519531
4320 0.0
4320 0.9999275207519531
4320 0.0
4320 0.9999275207519531
4320 0.9999275207519531
4320 0.0
4320 0.9999275207519531
4316 0.0
4316 0.9999275207519531
4316 0.0
4316 1.0001659393310547
4316 0.9999275207519531
4316 0.0
4316 0.9999275207519531
4316 0.0
4308 1.0001659393310547
4305 0.0
4298 0.9999275207519531
4267 0.0
4267 0.9999275207519531
4267 0.0
4267 1.0001659393310547
4267 0.9996891021728516
4267 0.0
4267 1.0001659393310547
4267 1.0013580322265625
4262 0.0
4262 0.9989738464355469
4255 0.0
4255 0.9999275207519531
4255 0.0
4240 1.0001659393310547
4240 0.9996891021728516
4240 0.0
4240 1.0001659393310547
4240 0.0
4240 0.9996891021728516
4240 0.0
4240 1.0001659393310547
4239 0.0
4239 1.0001659393310547
4239 0.9996891021728516
4239 0.0
4239 0.9999275207519531
4239 0.0
4239 1.0001659393310547
4239 0.9999275207519531
4239 0.0
4239 1.0001659393310547
4239 0.0
4217 0.9999275207519531
4217 0.0
4217 0.9999275207519531
4210 0.9999275207519531
4205 0.0
4191 1.001119613647461
4167 0.99945068359375
4167 0.0
4167 0.99945068359375
4167 0.0
4167 0.9999275207519531
4166 0.0
4166 1.0004043579101562
4166 0.9996891021728516
4166 0.0
4166 1.0001659393310547
4160 0.0
4160 0.9999275207519531
4160 1.0001659393310547
4160 0.0
4160 0.0
4160 0.9996891021728516
4160 1.0001659393310547
4160 0.0
4160 0.9999275207519531
4160 0.0
4160 1.0001659393310547
4160 0.0
4160 0.9996891021728516
4160 0.0
4157 1.0001659393310547
4157 1.0006427764892578
4157 0.0
4132 0.99945068359375
4124 0.9999275207519531
4124 0.0
4124 0.9999275207519531
4124 0.0
4123 0.9999275207519531
4119 0.0
4118 0.9999275207519531
4118 0.0
4118 1.0004043579101562
4118 0.9999275207519531
4118 0.0
4118 0.9999275207519531
4118 0.0
4118 0.9999275207519531
4118 0.0
4118 0.9999275207519531
4118 1.0001659393310547
4118 0.0
4118 0.9999275207519531
4118 0.0
4116 0.9999275207519531
4104 0.0
4104 1.0001659393310547
4104 0.9999275207519531
4104 0.0
4104 1.001119613647461
4104 0.0
4104 0.0
4104 0.9999275207519531
4104 0.0
4104 1.0001659393310547
4104 0.0
4092 0.0
4092 1.0001659393310547
4092 0.0
4049 0.9996891021728516
4049 0.0
4049 1.0001659393310547
4049 0.9999275207519531
4049 0.0
4049 0.9999275207519531
4036 0.0
4036 1.0001659393310547
4036 0.0
4036 0.9999275207519531
4031 1.0001659393310547
4010 0.0
4010 0.9999275207519531
4010 0.0
3976 0.9999275207519531
3975 0.0
3975 1.0004043579101562
3975 0.9996891021728516
3975 0.0
3970 1.0001659393310547
3970 0.0
3970 0.9999275207519531
3955 0.0
3955 0.9996891021728516
3955 1.0001659393310547
3945 0.0
3945 1.0001659393310547
3945 0.0
3945 0.9996891021728516
3938 0.0
3938 1.0001659393310547
3936 0.9999275207519531
3936 0.0
3933 1.0001659393310547
3910 0.0
3910 0.9999275207519531
3890 1.0004043579101562
3890 0.0
3878 0.9996891021728516
3878 0.0
3862 1.0001659393310547
3851 0.0
3851 0.9999275207519531
3851 0.9999275207519531
3851 0.0
3851 1.0001659393310547
3851 0.0
3851 0.9999275207519531
3851 0.0
3851 0.9996891021728516
3851 1.0001659393310547
3844 0.0
3844 1.0001659393310547
3844 0.0
3844 0.9999275207519531
3844 0.9996891021728516
