73514 340.9695625305176
73457 10.01286506652832
73431 7.98487663269043
73431 8.998394012451172
73431 6.000041961669922
73406 6.005287170410156
73404 10.999441146850586
73392 6.99615478515625
73392 7.015466690063477
73385 7.0018768310546875
73324 5.998134613037109
73307 6.000041961669922
73307 7.000923156738281
73278 4.9991607666015625
73276 5.99980354309082
73270 5.00035285949707
73270 6.999731063842773
73270 5.000591278076172
73215 5.999326705932617
73209 4.999876022338867
73209 5.000114440917969
73209 7.000446319580078
73209 5.999565124511719
73196 6.00123405456543
73196 4.999399185180664
73119 4.999399185180664
73072 6.000757217407227
73072 4.9991607666015625
73028 5.00035285949707
73028 5.99980354309082
73028 5.99980354309082
73028 4.999876022338867
73028 6.000995635986328
73016 6.999492645263672
73014 4.999876022338867
73009 6.00123405456543
72994 4.9991607666015625
72969 5.999326705932617
72926 6.00123405456543
72900 4.9991607666015625
72897 6.000995635986328
72880 4.998445510864258
72868 6.000757217407227
72793 6.000280380249023
72793 4.999399185180664
72793 4.999876022338867
72793 6.000041961669922
72724 5.000114440917969
72724 5.99980354309082
72724 6.002187728881836
72698 5.998373031616211
72641 5.999565124511719
72641 7.001161575317383
72616 5.9986114501953125
72591 7.000207901000977
72591 5.000114440917969
72576 6.000041961669922
72576 5.000114440917969
72576 5.000114440917969
72576 4.999637603759766
72569 6.000041961669922
72530 5.000591278076172
72487 5.999565124511719
72483 6.999969482421875
72483 4.999876022338867
72466 7.000207901000977
72466 5.000591278076172
72466 6.000518798828125
72463 5.999326705932617
72463 4.9991607666015625
72462 6.000518798828125
72462 3.9992332458496094
72435 6.000280380249023
72435 4.000186920166016
72432 7.029294967651367
72432 5.981683731079102
72395 6.999731063842773
72395 5.999326705932617
72384 5.000114440917969
72384 6.000757217407227
72353 7.999420166015625
72353 5.000114440917969
72311 6.999731063842773
72311 7.000446319580078
72311 6.999969482421875
72282 6.000041961669922
72233 4.999637603759766
72233 8.00013542175293
72196 4.999637603759766
72160 4.999637603759766
72111 6.012678146362305
72111 7.989406585693359
72058 7.071256637573242
72058 6.927013397216797
72058 8.002519607543945
72021 5.998134613037109
72021 6.99925422668457
72003 9.006738662719727
72003 7.996797561645508
71985 5.995273590087891
71985 5.00178337097168
71912 5.997657775878906
71896 6.002187728881836
71896 4.998445510864258
71896 6.002664566040039
71862 5.9967041015625
71821 6.000995635986328
71821 6.004095077514648
71799 6.040811538696289
71780 5.994558334350586
71766 4.961967468261719
71728 6.000280380249023
71711 6.068944931030273
71711 5.974531173706055
71672 6.952762603759766
71672 6.000041961669922
71666 7.000923156738281
71666 6.000041961669922
71636 7.002592086791992
71636 5.997180938720703
71636 5.999565124511719
71636 7.04646110534668
71636 6.00886344909668
71632 5.990743637084961
71618 5.995750427246094
71618 4.998445510864258
71604 6.964921951293945
71598 7.038593292236328
71598 5.00035285949707
71533 7.004022598266602
71489 5.956411361694336
71479 5.043268203735352
71479 6.952047348022461
71479 7.002115249633789
71479 8.999824523925781
71479 6.9980621337890625
71479 6.00123405456543
71469 5.9986114501953125
71469 6.000041961669922
71431 6.001710891723633
71431 5.998134613037109
71431 6.000518798828125
71431 6.04557991027832
71430 6.00123405456543
71424 5.958080291748047
71424 6.040096282958984
71412 5.996465682983398
71403 6.003618240356445
71400 6.99615478515625
71399 4.9991607666015625
71399 6.006717681884766
71370 5.995988845825195
71370 5.996465682983398
71370 4.9610137939453125
71370 5.999326705932617
71360 5.999565124511719
71360 6.000757217407227
71348 5.999326705932617
71328 5.99980354309082
71324 7.00068473815918
71298 6.000757217407227
71287 5.999326705932617
71287 6.999015808105469
71283 6.000280380249023
71283 6.045818328857422
71283 5.994081497192383
71267 5.99980354309082
71255 5.976676940917969
71228 5.021810531616211
71205 4.999876022338867
71191 6.997346878051758
71191 5.003213882446289
71189 5.958318710327148
71184 6.039619445800781
71184 6.002664566040039
71134 4.956245422363281
71134 6.043195724487305
71112 5.997657775878906
71112 5.996942520141602
71112 6.000757217407227
71104 7.001638412475586
71104 5.998849868774414
71102 5.001544952392578
71102 5.98907470703125
71095 6.011724472045898
71095 5.999326705932617
71095 5.9566497802734375
71095 5.000591278076172
71094 6.013154983520508
71068 5.988121032714844
71009 5.001544952392578
71009 5.999088287353516
70998 5.000829696655273
70998 3.9534568786621094
70998 7.002115249633789
70998 6.032705307006836
70962 6.010532379150391
70935 5.996942520141602
70923 5.997180938720703
70889 5.999565124511719
70889 4.999637603759766
70872 6.002902984619141
70861 4.998207092285156
70837 5.0067901611328125
70837 5.997657775878906
70776 5.0106048583984375
70776 4.990339279174805
70776 6.00886344909668
70776 5.989789962768555
70747 5.0048828125
70747 2.9876232147216797
70747 6.009340286254883
70738 5.004644393920898
70738 5.971193313598633
70703 6.026744842529297
70664 4.995107650756836
70664 5.000114440917969
70664 6.001949310302734
70664 5.001544952392578
70664 5.994558334350586
70656 5.997180938720703
70610 5.00035285949707
70610 5.008220672607422
70610 5.996942520141602
70609 5.99980354309082
70599 5.00035285949707
70599 5.005359649658203
70599 5.001306533813477
70583 4.996299743652344
70583 4.992246627807617
70583 5.004644393920898
70583 6.001710891723633
70583 4.999637603759766
70559 4.998683929443359
70559 4.999637603759766
70559 4.999876022338867
70559 5.002021789550781
70485 5.998849868774414
70485 6.000041961669922
70485 4.996061325073242
70485 5.003452301025391
70470 6.0024261474609375
70464 5.997419357299805
70460 5.003213882446289
70460 4.998207092285156
70433 4.998922348022461
70413 5.001544952392578
70363 4.9991607666015625
70353 5.999565124511719
70263 4.958629608154297
70263 6.0367584228515625
70247 6.007671356201172
70205 4.993438720703125
70188 5.960941314697266
70188 7.016658782958984
70131 6.026506423950195
70113 6.00123405456543
70100 5.997180938720703
70095 6.000757217407227
70095 5.002260208129883
70086 6.043910980224609
70050 5.999088287353516
70050 4.996061325073242
70050 5.999326705932617
70040 5.002737045288086
70017 5.00035285949707
70017 5.001068115234375
69979 6.00886344909668
69956 6.948232650756836
69956 12.997627258300781
69955 11.01231575012207
69955 9.990930557250977
69955 7.998943328857422
69909 10.035514831542969
69882 6.963253021240234
69882 10.999917984008789
69804 13.998270034790039
69774 12.001276016235352
69774 10.001420974731445
69747 8.998632431030273
69747 9.001493453979492
69747 10.00070571899414
69726 7.998228073120117
69726 9.001016616821289
69726 8.00013542175293
69726 7.999181747436523
69708 8.998870849609375
69690 9.003162384033203
69690 10.001420974731445
69690 7.998466491699219
69672 10.998249053955078
69650 8.002996444702148
69650 9.002923965454102
69650 9.993791580200195
69628 10.000228881835938
69628 9.999513626098633
69628 9.999275207519531
69628 9.001731872558594
69578 9.000539779663086
69578 5.99980354309082
69578 5.998849868774414
69578 5.000829696655273
69578 4.999876022338867
69545 4.999876022338867
69545 5.000829696655273
69545 5.000114440917969
69545 4.998207092285156
69537 5.002260208129883
69537 4.997730255126953
69537 5.002498626708984
69529 5.998134613037109
69529 14.037609100341797
69529 5.003213882446289
69526 4.9991607666015625
69500 4.998207092285156
69500 4.00090217590332
69480 5.000591278076172
69480 4.999399185180664
69458 5.01251220703125
69458 4.986286163330078
69458 5.01251220703125
69457 4.987001419067383
69429 4.010677337646484
69417 4.992008209228516
69397 4.96220588684082
69397 5.0487518310546875
69388 4.987239837646484
69388 4.000186920166016
69382 6.00433349609375
69382 5.007743835449219
69377 3.988027572631836
69377 5.966424942016602
69367 6.027460098266602
69330 6.001472473144531
69330 5.968570709228516
69330 6.042242050170898
69323 6.00123405456543
69323 6.046533584594727
69311 4.000663757324219
69311 5.95855712890625
69279 6.039142608642578
69270 5.00178337097168
69270 4.998922348022461
69270 5.010366439819336
69270 4.993200302124023
69270 5.995750427246094
69244 5.002260208129883
69240 5.00035285949707
69240 4.996776580810547
69240 7.001399993896484
69203 5.957841873168945
69203 6.040334701538086
69201 5.003452301025391
69201 4.999876022338867
69190 5.000114440917969
69184 4.997730255126953
69184 4.002809524536133
69184 6.998538970947266
69180 4.998445510864258
69147 5.001306533813477
69147 3.9985179901123047
69147 5.000829696655273
69144 6.001710891723633
69144 5.997657775878906
69125 6.000518798828125
69109 4.999399185180664
69109 4.999637603759766
69109 4.002809524536133
69070 4.997491836547852
69045 5.002021789550781
69045 4.998683929443359
69036 5.006551742553711
69033 3.9937496185302734
69033 3.999948501586914
69033 6.0024261474609375
69033 4.998445510864258
69033 4.998207092285156
69033 4.003047943115234
69033 5.00035285949707
69033 4.996538162231445
69033 5.002260208129883
69033 4.997491836547852
69033 5.003690719604492
69033 5.997657775878906
69021 5.000591278076172
69011 5.000114440917969
68999 4.999399185180664
68990 4.999637603759766
68972 5.000591278076172
68972 4.9991607666015625
68972 5.002737045288086
68972 4.999399185180664
68970 3.000020980834961
68962 5.00941276550293
68954 4.988670349121094
68954 3.999471664428711
68954 5.00035285949707
68940 5.002737045288086
68940 4.999399185180664
68940 4.988431930541992
68884 5.008935928344727
68874 5.000829696655273
68867 5.010128021240234
68831 4.990816116333008
68807 5.001068115234375
68807 5.008220672607422
68807 4.990339279174805
68777 4.999399185180664
68776 5.0029754638671875
68763 4.996538162231445
68737 3.999948501586914
68729 5.002498626708984
68707 4.955291748046875
68707 5.042076110839844
68661 5.001068115234375
68641 4.9991607666015625
68641 5.0048828125
68629 4.997968673706055
68611 3.998279571533203
68611 6.00743293762207
68611 4.991292953491211
68611 3.999471664428711
68596 5.959510803222656
68596 4.044055938720703
68596 4.998922348022461
68588 4.9991607666015625
68588 4.999399185180664
68574 4.9991607666015625
68556 5.002021789550781
68556 4.999399185180664
68556 5.002260208129883
68556 4.997968673706055
68556 5.956172943115234
68556 5.045175552368164
68551 3.000020980834961
68551 4.997014999389648
68551 5.954742431640625
68544 5.040407180786133
68544 5.004644393920898
68514 2.9952526092529297
68514 5.002260208129883
68486 4.997968673706055
68471 5.005836486816406
68471 5.000591278076172
68469 5.000114440917969
68461 4.009723663330078
68461 4.991769790649414
68441 4.999399185180664
68441 4.9991607666015625
68419 4.998683929443359
68348 4.999399185180664
68348 3.999948501586914
68346 5.00178337097168
68346 4.95600700378418
68323 5.043745040893555
68303 5.004405975341797
68303 3.997325897216797
68303 4.999399185180664
68257 4.997491836547852
68257 5.002737045288086
68250 4.998445510864258
68246 4.998683929443359
68246 5.002498626708984
68246 4.007101058959961
68213 4.993438720703125
68213 4.998445510864258
68213 4.999876022338867
68189 5.009889602661133
68181 4.989147186279297
68140 4.999876022338867
68140 5.022525787353516
68140 4.97889518737793
68137 4.998922348022461
68137 4.002809524536133
68128 4.996299743652344
68128 5.002737045288086
68123 4.999637603759766
68074 4.999399185180664
68067 5.047082901000977
68067 4.00090217590332
68067 5.001306533813477
68037 4.99725341796875
68037 5.000591278076172
68037 4.9991607666015625
68012 5.057096481323242
68003 4.997491836547852
67985 4.998445510864258
67982 5.003929138183594
67982 4.997968673706055
67968 4.999876022338867
67945 4.955291748046875
67922 6.02412223815918
67922 6.013154983520508
67922 5.000114440917969
67922 5.003452301025391
67919 5.001544952392578
67919 5.012989044189453
67899 4.985809326171875
67899 4.999637603759766
67886 5.957365036010742
67886 3.0317306518554688
67886 5.006074905395508
67885 4.998683929443359
67885 5.007505416870117
67860 4.997968673706055
67860 3.999471664428711
67860 5.000829696655273
67860 4.997730255126953
67830 5.008697509765625
67827 3.99017333984375
67800 4.999399185180664
67800 5.000591278076172
67800 5.002260208129883
67800 4.998445510864258
67800 5.000829696655273
67800 4.997968673706055
67800 4.004001617431641
67787 4.996299743652344
67787 4.9991607666015625
67787 6.003618240356445
67787 5.143404006958008
67786 5.000114440917969
67744 4.998683929443359
67723 5.00035285949707
67717 4.999399185180664
67717 4.999876022338867
67717 5.002498626708984
67717 4.999399185180664
67704 4.998445510864258
67704 4.999637603759766
67704 5.001544952392578
67686 4.999876022338867
67680 5.046844482421875
67680 5.000829696655273
67680 4.998683929443359
67680 5.000591278076172
67671 4.001140594482422
67662 5.019903182983398
67662 5.035161972045898
67653 5.005359649658203
67642 3.9925575256347656
67614 5.001544952392578
67614 4.996538162231445
67609 4.999399185180664
67609 6.00433349609375
67609 4.996061325073242
67609 4.001140594482422
67552 4.999637603759766
67523 4.999637603759766
67523 4.999637603759766
67521 5.003929138183594
67521 4.998207092285156
67521 4.998922348022461
67521 4.999399185180664
67521 4.998922348022461
67513 5.000829696655273
67464 5.001306533813477
67430 5.002021789550781
67430 4.996538162231445
67430 4.00090217590332
67424 5.00798225402832
67424 4.991292953491211
67413 4.999399185180664
67413 5.000114440917969
67409 5.0029754638671875
67406 4.997968673706055
67385 5.000829696655273
67352 4.001617431640625
67328 4.997491836547852
67326 5.002498626708984
67315 4.997730255126953
67269 5.000114440917969
67247 3.998994827270508
67246 5.007505416870117
67229 5.001306533813477
67229 4.992008209228516
67229 4.998683929443359
67203 4.004240036010742
67203 4.98509407043457
67137 5.020618438720703
67137 4.990816116333008
67110 5.00178337097168
67110 4.999637603759766
67110 3.998994827270508
67110 5.000829696655273
67110 4.999637603759766
67098 4.9991607666015625
67098 4.999876022338867
67098 5.006074905395508
67098 4.996538162231445
67074 4.012107849121094
67047 4.989147186279297
67047 4.997968673706055
66974 4.998445510864258
66961 4.001140594482422
66951 2.9985904693603516
66951 4.999399185180664
66902 6.005048751831055
66891 4.996299743652344
66891 5.008220672607422
66891 5.994319915771484
66891 3.9985179901123047
66891 5.004405975341797
66865 4.99415397644043
66810 6.001949310302734
66747 3.9975643157958984
66747 5.0029754638671875
66714 5.998849868774414
66688 4.998207092285156
66663 5.004167556762695
66655 5.955934524536133
66655 6.000041961669922
66655 7.026195526123047
66655 6.00886344909668
66655 5.002737045288086
66655 6.998300552368164
66655 4.998922348022461
66644 5.004167556762695
66623 4.990100860595703
66607 6.010293960571289
66607 4.998683929443359
66607 5.016088485717773
66589 5.969524383544922
66577 6.011009216308594
66577 5.001306533813477
66577 4.96220588684082
66539 6.049394607543945
66510 5.99217414855957
66506 4.959344863891602
66505 7.035255432128906
66505 5.000591278076172
66482 5.005359649658203
66482 5.99980354309082
66482 5.008935928344727
66482 4.992008209228516
66482 6.998538970947266
66482 5.98907470703125
66468 4.999876022338867
66461 5.010843276977539
66461 4.994392395019531
66461 5.004644393920898
66461 6.000995635986328
66431 6.001472473144531
66421 4.9991607666015625
66413 4.9991607666015625
66413 4.999637603759766
66391 6.001710891723633
66391 4.002809524536133
66391 4.997730255126953
66391 4.998445510864258
66385 4.999637603759766
66381 5.00178337097168
66357 4.999637603759766
66357 5.001068115234375
66357 4.998207092285156
66350 4.988670349121094
66310 6.011724472045898
66310 5.004167556762695
66272 4.997968673706055
66262 4.997491836547852
66262 5.003452301025391
66252 4.997491836547852
66238 4.999399185180664
66238 5.000591278076172
66215 5.000114440917969
66215 5.959033966064453
66215 6.028652191162109
66190 6.003856658935547
66182 4.998445510864258
66182 4.998445510864258
66181 5.002021789550781
66095 5.007743835449219
66095 4.99415397644043
66095 4.998922348022461
66095 4.999637603759766
66095 4.003047943115234
66069 4.99725341796875
66063 4.999399185180664
66051 5.002021789550781
66045 4.998445510864258
66045 4.999876022338867
66045 4.999399185180664
66032 4.999876022338867
66028 5.00035285949707
66007 5.00035285949707
66007 5.001068115234375
66000 4.999399185180664
65990 4.998207092285156
65990 4.003763198852539
65959 4.997730255126953
65959 4.955768585205078
65918 4.9991607666015625
65918 5.038022994995117
65918 4.999399185180664
65892 5.006551742553711
65874 5.00178337097168
65874 5.004167556762695
65861 4.992961883544922
65861 5.001068115234375
65856 6.000757217407227
65856 4.998445510864258
65815 4.999876022338867
65801 5.000829696655273
65753 5.009889602661133
65747 5.989313125610352
65747 5.00035285949707
65747 4.998922348022461
65747 5.003690719604492
65747 4.9533843994140625
65747 5.958080291748047
65745 5.998849868774414
65733 7.002353668212891
65731 6.999492645263672
65731 4.03594970703125
65721 5.998373031616211
65721 5.004405975341797
65721 5.000591278076172
65721 6.00123405456543
65721 7.01451301574707
65717 4.985332489013672
65688 5.003690719604492
65679 4.955530166625977
65675 7.041215896606445
65675 4.999637603759766
65675 3.9987564086914062
65669 7.002353668212891
65669 5.009651184082031
65669 4.990100860595703
65669 5.988597869873047
65669 6.009101867675781
65669 4.996538162231445
65660 5.005359649658203
65660 6.021022796630859
65644 6.302118301391602
65644 5.6781768798828125
65594 2.9964447021484375
65594 5.001544952392578
65593 5.002021789550781
65556 6.007194519042969
65556 4.990816116333008
65556 4.999399185180664
65556 5.99980354309082
65556 5.000829696655273
65548 6.988525390625
65548 5.011081695556641
65548 6.000518798828125
65541 5.002737045288086
65541 4.997491836547852
65541 5.000829696655273
65541 4.958629608154297
65523 5.040645599365234
65523 4.004001617431641
65483 4.996061325073242
65483 4.999399185180664
65483 5.001068115234375
65483 4.999399185180664
65483 5.000591278076172
65483 5.0048828125
65449 4.99415397644043
65449 4.9991607666015625
65413 5.000591278076172
65409 5.001306533813477
65409 5.00035285949707
65352 3.9985179901123047
65352 5.00178337097168
65349 6.006479263305664
65349 4.992246627807617
65293 5.000591278076172
65276 5.000114440917969
65260 4.9991607666015625
65260 5.000114440917969
65256 5.001544952392578
65223 3.999471664428711
65223 4.998922348022461
65223 5.000829696655273
65223 5.00035285949707
65223 4.998922348022461
65223 4.998445510864258
65205 5.000829696655273
65179 4.999399185180664
65159 5.002260208129883
65159 4.000186920166016
65159 4.999876022338867
65159 5.002260208129883
65154 4.997730255126953
65154 4.997968673706055
65154 5.001068115234375
65144 5.000829696655273
65120 3.9980411529541016
65120 5.001306533813477
65120 5.000829696655273
65114 4.999637603759766
65114 5.001544952392578
65114 4.001140594482422
65114 5.996227264404297
65114 3.9997100830078125
65096 5.0029754638671875
65096 4.998445510864258
65092 3.998279571533203
65092 3.9997100830078125
65073 5.9986114501953125
65037 5.997419357299805
65011 5.0048828125
65002 5.001544952392578
65002 5.000829696655273
65002 4.998683929443359
65002 4.957914352416992
65002 6.99925422668457
64973 7.001161575317383
64952 5.00035285949707
64925 5.998373031616211
64925 6.000518798828125
64908 4.999399185180664
64908 5.00035285949707
64905 5.040884017944336
64879 6.010770797729492
64879 4.993200302124023
64879 2.997159957885742
64879 4.957675933837891
64836 5.00035285949707
64836 4.999637603759766
64827 6.000518798828125
64809 5.999565124511719
64805 6.000518798828125
64801 4.999399185180664
64747 7.000207901000977
64736 4.999876022338867
64736 4.999876022338867
64736 6.000757217407227
64736 5.999326705932617
64736 6.000280380249023
64736 3.9997100830078125
64736 7.000207901000977
64714 4.999637603759766
64714 6.000041961669922
64714 5.000114440917969
64714 5.99980354309082
64714 5.000591278076172
64714 5.99980354309082
64684 6.000041961669922
64680 4.999876022338867
64680 5.99980354309082
64680 5.000114440917969
64666 6.000041961669922
64655 4.999637603759766
64651 5.000591278076172
64651 6.000280380249023
64651 5.999326705932617
64651 4.999876022338867
64651 5.00035285949707
64642 6.000280380249023
64642 4.999399185180664
64642 6.000280380249023
64629 4.999876022338867
64629 4.999876022338867
64577 5.015373229980469
64577 5.984783172607422
64577 6.000518798828125
64485 5.999326705932617
64485 5.00035285949707
64457 3.999471664428711
64437 6.000518798828125
64425 4.999876022338867
64401 5.99980354309082
64401 6.000041961669922
64401 5.000114440917969
64394 4.999876022338867
64379 5.99980354309082
64379 5.000829696655273
64330 4.999399185180664
64330 7.010698318481445
64330 4.999399185180664
64330 6.000518798828125
64330 3.9997100830078125
64295 6.000041961669922
64295 4.999637603759766
64295 7.010936737060547
64295 5.000591278076172
64295 5.99980354309082
64288 4.999876022338867
64277 4.999637603759766
64277 7.000207901000977
64248 5.001544952392578
64248 5.998373031616211
64220 6.000280380249023
64220 5.99980354309082
64218 6.000280380249023
64187 4.999399185180664
64187 6.000518798828125
64185 4.999637603759766
64171 6.000280380249023
64171 4.999637603759766
64151 7.000446319580078
64151 6.000041961669922
64151 4.999399185180664
64151 6.000280380249023
64142 5.000114440917969
64142 5.99980354309082
64133 6.000757217407227
64133 4.9991607666015625
64133 6.001472473144531
64133 5.998849868774414
64112 6.000041961669922
64112 6.000280380249023
64112 4.999876022338867
64112 6.000280380249023
64112 4.9991607666015625
64112 5.001306533813477
64062 4.998922348022461
64062 7.000446319580078
64062 4.999637603759766
64055 6.000041961669922
64055 4.999637603759766
64055 6.000041961669922
64051 5.002498626708984
64045 5.997657775878906
64045 6.000041961669922
64037 4.999876022338867
63983 6.000518798828125
63980 4.999399185180664
63969 6.000280380249023
63969 4.999637603759766
63907 6.000280380249023
63893 6.010293960571289
63893 4.999876022338867
63893 6.000518798828125
63893 4.999876022338867
63893 4.999876022338867
63893 2.9997825622558594
63877 6.000757217407227
63828 5.999088287353516
63811 6.000757217407227
63803 4.999637603759766
63803 6.000041961669922
63803 3.9997100830078125
63803 7.000207901000977
63803 3.999948501586914
63803 6.999969482421875
63803 5.000591278076172
63803 5.999565124511719
63803 4.999637603759766
63803 5.000114440917969
63767 6.000518798828125
63742 4.999637603759766
63701 6.000041961669922
63679 5.000591278076172
63660 4.999399185180664
63660 4.999876022338867
63660 6.000041961669922
63660 5.00035285949707
63660 5.999565124511719
63660 5.000591278076172
63618 5.999565124511719
63618 5.000114440917969
63618 4.999876022338867
63610 7.000207901000977
63585 4.999637603759766
63573 5.000114440917969
63573 3.999948501586914
63573 6.000280380249023
63532 4.999876022338867
63532 5.99980354309082
63532 4.999876022338867
63532 5.00035285949707
63532 6.000280380249023
63499 5.999565124511719
63476 5.00035285949707
63474 6.001949310302734
63459 5.997896194458008
63456 3.999948501586914
63454 6.000280380249023
63431 4.999637603759766
63431 5.99980354309082
63431 5.001306533813477
63427 5.9986114501953125
63419 5.000591278076172
63413 5.99980354309082
63368 4.999876022338867
63368 4.999876022338867
63368 6.019353866577148
63355 4.980802536010742
63355 5.00035285949707
63336 5.999565124511719
63307 5.000114440917969
63285 3.9997100830078125
63285 7.000207901000977
63255 6.000757217407227
63239 4.999399185180664
63239 6.014585494995117
63239 4.98509407043457
63239 5.00035285949707
63235 5.99980354309082
63235 6.000041961669922
63235 7.00068473815918
63235 5.000591278076172
63235 5.9986114501953125
63235 6.000280380249023
63202 6.999731063842773
63188 4.999876022338867
63188 6.000280380249023
63188 5.000829696655273
