37004 126.00970268249512
37000 3.997325897216797
36988 3.0014514923095703
36988 4.000425338745117
36981 5.999565124511719
36957 4.001379013061523
36925 2.9969215393066406
36852 2.000093460083008
36852 3.0133724212646484
36852 3.987550735473633
36823 4.000186920166016
36789 1.9996166229248047
36789 2.9990673065185547
36766 2.000093460083008
36762 4.002571105957031
36753 1.997232437133789
36737 2.0003318786621094
36704 2.9997825622558594
36657 2.000570297241211
36655 2.9993057250976562
36655 2.0020008087158203
36655 2.9985904693603516
36655 3.000497817993164
36629 1.9991397857666016
36595 2.000093460083008
36565 2.9997825622558594
36559 2.000093460083008
36558 2.0024776458740234
36554 2.9973983764648438
36554 2.9997825622558594
36554 2.000093460083008
36527 2.000093460083008
36470 2.000093460083008
36456 2.9997825622558594
36438 2.0008087158203125
36432 2.9997825622558594
36432 1.9996166229248047
36390 2.0003318786621094
36383 2.999544143676758
36365 2.000093460083008
36316 2.0003318786621094
36283 2.999544143676758
36267 2.000570297241211
36241 2.999544143676758
36241 2.000093460083008
36241 1.9998550415039062
36241 2.0003318786621094
36186 2.999544143676758
36185 2.000093460083008
36185 2.000570297241211
36185 2.9990673065185547
36183 2.000570297241211
36183 2.000093460083008
36145 2.000093460083008
36088 2.999544143676758
36088 2.0003318786621094
36088 2.9997825622558594
36069 2.0003318786621094
36069 2.9997825622558594
36069 1.9998550415039062
36069 2.000093460083008
36069 2.000093460083008
36069 2.999544143676758
36069 3.0002593994140625
36069 2.000093460083008
36051 2.0003318786621094
36051 2.9997825622558594
36051 1.9998550415039062
36040 2.000093460083008
36040 2.000093460083008
36016 5.001306533813477
36016 1.9989013671875
36002 2.000093460083008
35997 2.000093460083008
35970 2.000093460083008
35970 3.000020980834961
35948 2.000093460083008
35948 2.999544143676758
35948 2.000093460083008
35948 1.9998550415039062
35861 2.9997825622558594
35861 2.0003318786621094
35844 3.002166748046875
35842 2.9976367950439453
35842 2.0003318786621094
35800 2.000093460083008
35780 2.999544143676758
35780 2.000093460083008
35780 2.000093460083008
35752 3.000020980834961
35731 2.000093460083008
35731 2.000093460083008
35731 2.999544143676758
35721 2.000093460083008
35721 1.9998550415039062
35721 2.000093460083008
35721 3.006458282470703
35717 1.9941329956054688
35717 1.9996166229248047
35648 2.000093460083008
35614 2.01416015625
35597 1.9860267639160156
35594 4.000663757324219
35594 3.000020980834961
35594 1.9993782043457031
35526 1.9998550415039062
35522 2.9997825622558594
35468 2.0003318786621094
35468 3.0007362365722656
35468 1.9991397857666016
35433 3.0012130737304688
35427 1.9986629486083984
35358 2.0003318786621094
35327 2.999544143676758
35315 2.000093460083008
35310 2.000093460083008
35308 2.9997825622558594
35280 2.001047134399414
35273 1.9996166229248047
35273 3.999948501586914
35273 1.9996166229248047
35273 4.000186920166016
35273 1.9998550415039062
35268 3.035306930541992
35268 3.004312515258789
35268 3.0050277709960938
35268 1.9989013671875
35254 4.034519195556641
35239 4.000663757324219
35181 2.031087875366211
35154 3.0107498168945312
35149 2.1626949310302734
35149 2.835512161254883
35136 1.996755599975586
35136 3.0100345611572266
35129 2.995729446411133
35129 1.992940902709961
35126 3.989696502685547
35126 3.0145645141601562
35118 1.9598007202148438
35118 3.039121627807617
35118 1.995086669921875
35118 2.9668807983398438
35118 3.036975860595703
35118 1.9962787628173828
35118 3.000497817993164
35118 3.0105113983154297
35118 2.953767776489258
35108 3.0443668365478516
35108 1.9996166229248047
35103 1.9948482513427734
35093 3.0057430267333984
35093 1.9943714141845703
35092 2.965211868286133
35092 3.0395984649658203
35092 1.989603042602539
35086 2.967357635498047
35074 3.0431747436523438
35034 2.000570297241211
35031 3.0040740966796875
35005 1.9974708557128906
34987 2.99835205078125
34986 2.9997825622558594
34982 2.000093460083008
34951 1.9986629486083984
34908 3.002643585205078
34888 2.9573440551757812
34847 2.9997825622558594
34809 3.0362606048583984
34787 2.0020008087158203
34782 2.9599666595458984
34779 2.038717269897461
34779 1.9989013671875
34779 6.965398788452148
34779 5.999326705932617
34779 7.001399993896484
34779 5.998849868774414
34771 4.00090217590332
34771 4.030704498291016
34733 4.967927932739258
34698 4.000663757324219
34698 3.0362606048583984
34690 2.9997825622558594
34690 1.9609928131103516
34673 3.041982650756836
34668 3.0393600463867188
34668 1.9998550415039062
34668 2.9609203338623047
34655 2.0406246185302734
34641 2.994060516357422
34641 4.011631011962891
34641 2.000570297241211
34640 2.9740333557128906
34638 2.020597457885742
34638 3.0012130737304688
34638 2.9630661010742188
34628 3.0417442321777344
34628 1.9996166229248047
34608 2.9947757720947266
34604 1.996755599975586
34604 1.9955635070800781
34588 2.9828548431396484
34559 3.023386001586914
34543 2.999544143676758
34543 1.9946098327636719
34506 3.003835678100586
34506 1.9965171813964844
34469 3.0040740966796875
34469 3.000974655151367
34453 2.961397171020508
34453 2.0377635955810547
34453 3.021717071533203
34453 1.973867416381836
34453 3.292083740234375
34448 2.675294876098633
34426 4.0435791015625
34414 1.9984245300292969
34387 1.9962787628173828
34350 3.003358840942383
34335 1.9943714141845703
34328 2.9616355895996094
34328 3.0438899993896484
34328 1.9953250885009766
34328 2.9611587524414062
34323 3.045797348022461
34303 2.2110939025878906
34303 2.7420520782470703
34303 4.046440124511719
34269 1.9953250885009766
34269 2.9985904693603516
34269 3.003358840942383
34269 1.9993782043457031
34253 2.9997825622558594
34227 3.0045509338378906
34227 2.954721450805664
34197 3.0481815338134766
34197 1.993417739868164
34115 3.997802734375
34115 3.9870738983154297
34115 2.974271774291992
34115 2.9973983764648438
34064 3.0286312103271484
34058 2.9709339141845703
34050 2.0020008087158203
34010 3.037691116333008
33983 3.000020980834961
33983 2.0055770874023438
33950 2.995014190673828
33914 3.004312515258789
33884 1.9948482513427734
33884 3.007173538208008
33884 1.9946098327636719
33878 3.0045509338378906
33878 1.993417739868164
33878 3.030061721801758
33861 1.9338130950927734
33852 2.0356178283691406
33829 3.0052661895751953
33818 2.0020008087158203
33810 0.9942054748535156
33786 3.007650375366211
33726 1.9941329956054688
33726 3.006458282470703
33726 1.9907951354980469
33714 3.0078887939453125
33701 2.0020008087158203
33701 1.9910335540771484
33685 3.0059814453125
33679 1.9943714141845703
33679 3.0045509338378906
33679 2.003192901611328
33679 2.0041465759277344
33679 2.9942989349365234
33670 1.9986629486083984
33670 3.002643585205078
33670 1.996755599975586
33617 3.002643585205078
33588 1.9986629486083984
33588 2.0017623901367188
33585 3.0031204223632812
33585 1.9938945770263672
33578 1.9962787628173828
33578 3.0031204223632812
33568 2.001047134399414
33568 1.9955635070800781
33568 3.0069351196289062
33552 1.997232437133789
33545 1.9943714141845703
33545 3.0083656311035156
33545 1.9998550415039062
33539 1.9915103912353516
33510 2.001523971557617
33508 2.9997825622558594
33508 3.0062198638916016
33486 1.9986629486083984
33486 1.9948482513427734
33479 3.004789352416992
33479 2.003192901611328
33444 1.9917488098144531
33444 3.0074119567871094
33444 1.9977092742919922
33444 2.9954910278320312
33444 2.00653076171875
33425 1.9936561584472656
33425 2.0017623901367188
33425 3.004789352416992
33420 1.9989013671875
33410 1.9962787628173828
33410 3.0045509338378906
33410 2.994060516357422
33390 2.0003318786621094
33390 1.9984245300292969
33344 2.0008087158203125
33344 1.9927024841308594
33324 3.012418746948242
33324 0.9996891021728516
33283 1.9943714141845703
33273 3.0059814453125
33207 2.0020008087158203
33207 1.9948482513427734
33207 3.002166748046875
33207 2.002239227294922
33202 1.9993782043457031
33202 2.997875213623047
33147 2.0012855529785156
33147 1.9962787628173828
33093 1.9974708557128906
33083 3.0052661895751953
33083 2.0008087158203125
33057 1.9991397857666016
33050 3.001689910888672
33026 2.011537551879883
33010 1.9845962524414062
33010 3.0040740966796875
33010 2.000093460083008
33010 1.9905567169189453
33010 3.009319305419922
33010 1.9996166229248047
32938 1.9941329956054688
32938 3.01361083984375
32928 1.99127197265625
32887 1.9953250885009766
32887 3.0052661895751953
32887 1.9996166229248047
32868 1.9955635070800781
32808 3.0052661895751953
32796 1.9998550415039062
32791 1.9953250885009766
32791 3.0040740966796875
32791 2.000093460083008
32791 2.0003318786621094
32791 2.9990673065185547
32740 1.9998550415039062
32732 1.995086669921875
32727 3.0078887939453125
32705 1.9977092742919922
32705 1.9941329956054688
32705 3.0074119567871094
32705 1.9922256469726562
32666 3.008604049682617
32666 1.9989013671875
32666 1.9931793212890625
32643 3.0050277709960938
32637 2.005338668823242
32619 2.9976367950439453
32579 1.9986629486083984
32579 2.0034313201904297
32579 2.9959678649902344
32554 1.993417739868164
32535 3.0074119567871094
32532 1.992940902709961
32522 3.0078887939453125
32487 1.993417739868164
32487 3.007173538208008
32487 1.9989013671875
32487 1.992940902709961
32487 3.005504608154297
32487 1.9905567169189453
32487 2.031564712524414
32463 1.935720443725586
32463 3.054380416870117
32447 1.9905567169189453
32429 1.9917488098144531
32429 3.0105113983154297
32429 3.013134002685547
32426 1.9812583923339844
32412 3.0012130737304688
32399 1.9998550415039062
32363 1.9931793212890625
32360 3.016948699951172
32357 1.9466876983642578
32357 3.0460357666015625
32330 1.9903182983398438
32319 3.008127212524414
32319 2.0029544830322266
32319 2.995014190673828
32319 2.0008087158203125
32308 1.9941329956054688
32308 3.0062198638916016
32308 2.0036697387695312
32308 2.985715866088867
32308 2.0117759704589844
32308 1.995086669921875
32308 3.003358840942383
32308 0.9958744049072266
32308 3.0035972595214844
32308 2.008199691772461
32250 1.9943714141845703
32239 2.9969215393066406
32220 2.001047134399414
32220 3.000020980834961
32200 2.0003318786621094
32188 1.993417739868164
32188 3.0057430267333984
32179 2.0003318786621094
32129 1.9938945770263672
32129 2.9952526092529297
32116 2.0101070404052734
32099 3.003358840942383
32099 1.9862651824951172
32099 3.0138492584228516
32099 1.9977092742919922
32081 1.9943714141845703
32068 3.0052661895751953
32058 1.9936561584472656
32058 3.0100345611572266
32058 1.9986629486083984
32058 1.9917488098144531
32058 3.0062198638916016
32011 1.993417739868164
32011 3.0052661895751953
32011 1.9953250885009766
32011 2.9621124267578125
31929 3.041505813598633
31929 2.9611587524414062
31929 3.038644790649414
31929 2.001047134399414
31921 2.956390380859375
31905 3.045797348022461
31905 1.9984245300292969
31905 2.9556751251220703
31899 3.042936325073242
31870 1.9953250885009766
31870 3.0035972595214844
31831 1.9969940185546875
31784 2.9609203338623047
31784 3.042936325073242
31738 2.001047134399414
31690 1.995086669921875
31671 4.008054733276367
31614 2.0003318786621094
31614 2.9535293579101562
31614 3.0426979064941406
31614 1.9893646240234375
31596 2.9671192169189453
31595 3.046751022338867
31595 1.9924640655517578
31595 3.0074119567871094
31579 2.996683120727539
31564 1.9948482513427734
31563 3.0045509338378906
31490 1.9958019256591797
31490 3.029346466064453
31490 2.9757022857666016
31473 1.9559860229492188
31473 3.0167102813720703
31473 1.979827880859375
31461 3.0057430267333984
31430 2.9969215393066406
31411 2.0046234130859375
31411 3.001689910888672
31411 2.9990673065185547
31409 1.995086669921875
31395 2.995014190673828
31385 3.0126571655273438
31385 1.997232437133789
31385 2.958059310913086
31385 2.9976367950439453
31378 3.0450820922851562
31378 1.9555091857910156
31378 2.001047134399414
31372 1.9948482513427734
31372 3.0024051666259766
31372 2.999544143676758
31372 1.9998550415039062
31343 3.0045509338378906
31343 1.9910335540771484
31343 3.001689910888672
31343 2.012014389038086
31331 3.986358642578125
31323 3.0062198638916016
31323 2.9993057250976562
31323 2.9556751251220703
31314 2.0394325256347656
31314 3.0062198638916016
31275 2.9544830322265625
31275 3.038644790649414
31238 1.9965171813964844
31238 2.998828887939453
31238 2.008676528930664
31238 3.0024051666259766
31236 2.9942989349365234
31236 3.0040740966796875
31236 1.9996166229248047
31183 3.0007362365722656
31183 2.0020008087158203
31183 2.9871463775634766
31178 3.001689910888672
31178 3.009319305419922
31147 2.955913543701172
31147 2.038240432739258
31147 3.007650375366211
31142 1.9927024841308594
31121 2.9816627502441406
31121 3.0236244201660156
31121 1.9946098327636719
31088 3.0062198638916016
31087 1.9991397857666016
31087 2.0072460174560547
31081 2.98309326171875
31080 3.96728515625
31071 2.03704833984375
31029 3.017902374267578
30982 1.9865036010742188
30982 1.9958019256591797
30982 3.0050277709960938
30978 3.0028820037841797
30978 2.000570297241211
30971 1.9917488098144531
30971 2.9621124267578125
30971 3.0422210693359375
30971 2.000093460083008
30971 2.999544143676758
30971 2.001047134399414
30971 2.0062923431396484
30937 2.9506683349609375
30932 3.045797348022461
30922 2.99835205078125
30922 2.002716064453125
30915 2.9540061950683594
30908 2.042531967163086
30877 1.997232437133789
30877 3.0028820037841797
30877 1.9888877868652344
30877 3.0117034912109375
30877 1.9998550415039062
30877 2.956867218017578
30863 3.045320510864258
30855 2.00653076171875
30844 1.9865036010742188
30841 3.0040740966796875
30841 2.0012855529785156
30841 2.0036697387695312
30833 2.994537353515625
30816 3.0007362365722656
30815 2.0008087158203125
30773 2.999544143676758
30773 2.0046234130859375
30773 2.997875213623047
30773 2.0003318786621094
30773 1.9907951354980469
30747 3.009319305419922
30732 1.9917488098144531
30732 3.0159950256347656
30729 1.9979476928710938
30725 1.992940902709961
30722 2.997875213623047
30680 1.997232437133789
30680 3.0035972595214844
30662 1.9991397857666016
30652 3.0164718627929688
30652 1.9848346710205078
30645 1.9938945770263672
30603 2.9821395874023438
30593 2.015352249145508
30593 3.0088424682617188
30593 2.001047134399414
30577 2.9528141021728516
30577 3.0002593994140625
30577 3.04412841796875
30577 2.999544143676758
30577 2.001523971557617
30577 1.9955635070800781
30577 3.0088424682617188
30577 1.9888877868652344
30577 3.0069351196289062
30577 1.9965171813964844
30577 3.003358840942383
30577 1.9986629486083984
30577 3.0062198638916016
30573 1.9948482513427734
30558 1.995086669921875
30558 3.0181407928466797
30540 1.9409656524658203
30532 3.050088882446289
30529 1.9958019256591797
30522 2.9997825622558594
30510 2.9997825622558594
30510 1.9998550415039062
30510 1.9969940185546875
30510 3.0035972595214844
30510 1.9941329956054688
30510 3.0078887939453125
30497 1.9979476928710938
30431 2.998828887939453
30429 2.0008087158203125
30429 1.9941329956054688
30407 3.008604049682617
30407 1.9917488098144531
30396 3.000497817993164
30396 3.0052661895751953
30396 1.9931793212890625
30396 3.005504608154297
30396 1.9564628601074219
30396 2.0389556884765625
30396 3.006458282470703
30396 1.9943714141845703
30385 3.007650375366211
30341 1.9969940185546875
30341 3.0019283294677734
30341 1.9998550415039062
30341 1.9922256469726562
30315 3.007173538208008
30315 1.9955635070800781
30315 3.0040740966796875
30293 2.003192901611328
30293 2.996683120727539
30277 1.9989013671875
30268 2.994537353515625
30268 2.0072460174560547
30268 1.9931793212890625
30249 3.005504608154297
30249 2.0134449005126953
30249 1.9803047180175781
30249 3.012418746948242
30249 1.9886493682861328
30249 3.0069351196289062
30242 2.000570297241211
30234 1.9917488098144531
30234 3.008127212524414
30234 1.9996166229248047
30228 2.99835205078125
30224 3.000020980834961
30224 2.02178955078125
30213 1.9726753234863281
30208 3.005504608154297
30199 1.958608627319336
30199 3.036022186279297
30199 2.9616355895996094
30199 1.9989013671875
30133 3.000020980834961
30127 1.9993782043457031
30127 3.0405521392822266
30127 1.9938945770263672
30127 3.0241012573242188
30127 1.970529556274414
30127 3.0193328857421875
30127 1.9915103912353516
30114 3.007173538208008
30092 1.9993782043457031
30084 2.9938220977783203
30076 2.006053924560547
30060 1.9931793212890625
30060 3.0059814453125
30044 2.0170211791992188
30044 2.98309326171875
30044 1.9998550415039062
30018 3.001689910888672
29970 2.9997825622558594
29970 2.0062923431396484
29959 1.9812583923339844
29942 3.0128955841064453
29913 1.9996166229248047
29913 2.998828887939453
29913 1.9564628601074219
29913 3.0434131622314453
29896 2.0041465759277344
29870 2.9947757720947266
29850 2.0017623901367188
29841 1.9974708557128906
29815 3.0019283294677734
29810 1.9993782043457031
29752 3.000020980834961
29734 2.0012855529785156
29709 3.000974655151367
29709 1.9924640655517578
29709 3.0052661895751953
29697 1.9946098327636719
29697 3.005504608154297
29666 1.9936561584472656
29666 3.0069351196289062
29666 1.9927024841308594
29662 3.007650375366211
29662 1.9984245300292969
29660 2.9587745666503906
29636 2.0449161529541016
29634 1.9996166229248047
29620 2.9931068420410156
29612 2.0058155059814453
29579 2.999544143676758
29579 1.9998550415039062
29569 2.9981136322021484
29556 2.0017623901367188
29530 2.9883384704589844
29523 2.0112991333007812
29473 1.9941329956054688
29473 3.0052661895751953
29473 1.9953250885009766
29473 3.003835678100586
29473 2.0151138305664062
29464 2.9866695404052734
29463 2.0003318786621094
29463 1.9943714141845703
29463 3.004312515258789
29463 1.995086669921875
29463 3.0045509338378906
29463 0.995635986328125
29448 3.0128955841064453
29448 1.9867420196533203
29448 4.004955291748047
29400 1.9938945770263672
29400 3.0088424682617188
29391 1.9998550415039062
29391 1.9919872283935547
29391 3.007650375366211
29359 2.999544143676758
29359 1.9986629486083984
29359 1.995086669921875
29349 3.0069351196289062
29349 2.9985904693603516
29349 2.001523971557617
29349 2.9981136322021484
29349 1.9931793212890625
29345 3.0069351196289062
29345 2.0020008087158203
29345 1.9633769989013672
29334 3.0367374420166016
29333 1.9991397857666016
29333 2.998828887939453
29333 2.0008087158203125
29333 1.9936561584472656
29327 3.0062198638916016
29327 0.9937286376953125
29306 3.0074119567871094
29306 1.9989013671875
29306 2.9990673065185547
29281 2.001047134399414
29281 1.9924640655517578
29281 3.000020980834961
29281 2.0034313201904297
29281 3.003358840942383
29281 1.9986629486083984
29281 3.0074119567871094
29278 1.9946098327636719
29278 1.9981861114501953
29278 1.9955635070800781
29278 2.9647350311279297
29278 2.0346641540527344
29276 3.0059814453125
29276 0.9946823120117188
29276 3.004789352416992
29272 1.9941329956054688
29272 3.0074119567871094
29272 1.9998550415039062
29272 3.000020980834961
29272 2.0117759704589844
29272 2.992391586303711
29268 1.9962787628173828
29268 1.9900798797607422
29262 3.0105113983154297
29262 1.9991397857666016
29262 2.9985904693603516
29262 1.9998550415039062
29262 1.9996166229248047
29262 2.9892921447753906
29262 2.0062923431396484
29262 3.0066967010498047
29262 1.9602775573730469
29262 3.037691116333008
29213 2.0003318786621094
29213 3.002166748046875
29213 2.0003318786621094
29212 1.9919872283935547
29212 3.0341148376464844
29204 1.9671916961669922
29204 3.004312515258789
29204 1.9998550415039062
29183 2.9997825622558594
29176 2.000570297241211
29176 1.996755599975586
29176 3.0257701873779297
29170 2.9778480529785156
29170 3.0014514923095703
29170 2.000570297241211
29144 3.008127212524414
29144 1.985788345336914
29144 1.9981861114501953
29144 1.954793930053711
29115 3.044605255126953
29115 2.0003318786621094
29115 1.9931793212890625
29113 3.0150413513183594
29113 1.985311508178711
29100 2.000093460083008
29100 4.002571105957031
29100 2.9604434967041016
29063 2.0525455474853516
29063 2.9904842376708984
29063 2.0139217376708984
29060 2.9878616333007812
28975 1.9998550415039062
28929 2.9973983764648438
28929 2.001523971557617
28929 1.9936561584472656
28929 3.008604049682617
28922 1.9984245300292969
28920 2.9990673065185547
28898 1.9574165344238281
28898 2.0542144775390625
28894 2.989530563354492
28894 1.9927024841308594
28885 3.0264854431152344
28867 1.9867420196533203
28857 1.9867420196533203
28853 3.0074119567871094
28853 1.9919872283935547
28840 3.0090808868408203
28840 1.9977092742919922
28840 1.9941329956054688
28790 3.0069351196289062
28790 1.955270767211914
28790 3.038167953491211
28790 1.9991397857666016
28720 3.005504608154297
28720 1.9974708557128906
28719 3.0050277709960938
28719 2.000570297241211
28719 1.9927024841308594
28718 3.004789352416992
28623 1.9946098327636719
28595 3.0059814453125
28595 1.9986629486083984
28595 1.9946098327636719
28570 3.0138492584228516
28570 1.9884109497070312
28551 3.0059814453125
28551 2.001047134399414
28551 3.000020980834961
28551 2.004861831665039
28551 1.9910335540771484
28551 3.0031204223632812
28551 1.9927024841308594
28551 3.0059814453125
28546 1.996755599975586
28546 3.0024051666259766
28539 2.004384994506836
28539 2.9511451721191406
28539 1.9989013671875
28490 2.9997825622558594
28450 2.000093460083008
28444 2.999544143676758
28436 2.000570297241211
28429 2.999544143676758
28416 3.000020980834961
28393 2.000093460083008
28388 2.0003318786621094
28381 2.999544143676758
28368 2.0003318786621094
28368 2.9997825622558594
28340 2.0003318786621094
28340 2.9997825622558594
28340 2.000093460083008
28340 2.999544143676758
28340 2.0003318786621094
28302 2.9997825622558594
28302 1.0004043579101562
28302 3.000020980834961
28302 2.000093460083008
28302 1.9996166229248047
28279 3.000020980834961
28276 2.000093460083008
28249 2.000093460083008
28249 2.999544143676758
28249 2.000570297241211
28249 2.999544143676758
28249 2.0003318786621094
28223 2.000093460083008
28198 2.9997825622558594
28198 2.000093460083008
28186 1.9998550415039062
28178 3.000020980834961
28178 2.000093460083008
28169 2.000093460083008
28169 2.9997825622558594
28169 2.000093460083008
28169 2.000093460083008
28138 3.000974655151367
28107 2.9990673065185547
28107 2.0110607147216797
28087 2.988576889038086
28087 2.0003318786621094
28087 2.9997825622558594
28087 2.000093460083008
28080 2.0003318786621094
28068 3.014087677001953
28068 1.9855499267578125
28068 2.000093460083008
28068 2.9997825622558594
28068 2.000570297241211
28068 3.000497817993164
28068 1.9996166229248047
28060 2.000093460083008
28060 1.9998550415039062
28045 2.000093460083008
28045 3.000020980834961
28036 2.000093460083008
28036 2.9997825622558594
27992 2.000093460083008
27992 2.000093460083008
27991 2.999544143676758
27991 2.0003318786621094
27991 2.000093460083008
27990 2.9997825622558594
27982 2.5293827056884766
27961 2.000093460083008
27959 1.9998550415039062
27959 2.999544143676758
27959 2.0003318786621094
27959 2.0003318786621094
27959 2.9997825622558594
27935 3.000020980834961
27914 2.000093460083008
27908 2.9997825622558594
27908 2.000093460083008
27908 1.9998550415039062
27908 2.9997825622558594
27908 2.0008087158203125
27908 2.999544143676758
27908 1.9998550415039062
27908 2.000570297241211
27906 1.9996166229248047
27906 1.9998550415039062
27838 2.9997825622558594
27762 3.0002593994140625
27762 2.000093460083008
27726 2.0003318786621094
27706 2.999544143676758
27706 2.0003318786621094
27706 2.000093460083008
27706 3.0007362365722656
27706 2.9985904693603516
27698 2.000570297241211
27687 2.999544143676758
27687 1.0004043579101562
27687 2.999544143676758
27680 2.0003318786621094
27671 3.0465126037597656
27651 2.0012855529785156
27651 2.9969215393066406
27651 2.0084381103515625
27638 1.9893646240234375
27638 3.001689910888672
27638 3.000497817993164
27638 2.000570297241211
27638 1.9962787628173828
27577 3.0112266540527344
27565 1.9979476928710938
27481 2.994537353515625
27458 2.0008087158203125
27458 3.000974655151367
27458 1.9941329956054688
27443 3.0045509338378906
27443 1.9888877868652344
27443 2.0117759704589844
27443 2.9976367950439453
27411 2.0051002502441406
27402 2.9959678649902344
27402 2.0008087158203125
27402 1.9960403442382812
27383 3.0052661895751953
27358 1.996755599975586
27358 3.0035972595214844
27355 2.0036697387695312
27355 2.995729446411133
27330 2.001523971557617
27330 3.003835678100586
27300 1.9979476928710938
27295 1.9900798797607422
27295 3.014802932739258
27295 1.9872188568115234
27295 3.003835678100586
27280 1.9936561584472656
27280 3.011465072631836
27280 1.9984245300292969
27280 2.9985904693603516
27280 1.9931793212890625
27238 3.011465072631836
27238 1.9905567169189453
27219 3.0019283294677734
27219 1.9996166229248047
27219 1.9958019256591797
